12744 1043 553 289 
16790 
12744 1043 553 289 
16790 
12744 1043 553 289 
16790 
12744 1043 553 289 
16790 
12744 1043 553 289 
16790 
12744 1043 553 289 
16790 
12744 1043 553 289 
16790 
12744 1043 553 289 
16790 
12744 1043 553 289 
16790 
12744 1043 553 289 
16790 
14285 4325 2497 1588 1391 663 529 
14285 4325 2497 1588 1391 663 529 
14285 4325 2497 1588 1391 663 529 
14285 4325 2497 1588 1391 663 529 
14285 4325 2497 1588 1391 663 529 
14285 4325 2497 1588 1391 663 529 
14285 4325 2497 1588 1391 663 529 
14285 4325 2497 1588 1391 663 529 
14285 4325 2497 1588 1391 663 529 
14285 4325 2497 1588 1391 663 529 
6161 4546 3016 1595 1450 919 654 378 208 
6161 4546 3016 1595 1450 919 654 378 208 
6161 4546 3016 1595 1450 919 654 378 208 
6161 4546 3016 1595 1450 919 654 378 208 
6161 4546 3016 1595 1450 919 654 378 208 
6161 4546 3016 1595 1450 919 654 378 208 
6161 4546 3016 1595 1450 919 654 378 208 
6161 4546 3016 1595 1450 919 654 378 208 
6161 4546 3016 1595 1450 919 654 378 208 
6161 4546 3016 1595 1450 919 654 378 208 
19398 3346 2042 1815 1186 296 141 
19398 3346 2042 1815 1186 296 141 
19398 3346 2042 1815 1186 296 141 
19398 3346 2042 1815 1186 296 141 
19398 3346 2042 1815 1186 296 141 
19398 3346 2042 1815 1186 296 141 
19398 3346 2042 1815 1186 296 141 
19398 3346 2042 1815 1186 296 141 
19398 3346 2042 1815 1186 296 141 
19398 3346 2042 1815 1186 296 141 
18337 5959 2866 1688 813 356 196 
18337 5959 2866 1688 813 356 196 
18337 5959 2866 1688 813 356 196 
18337 5959 2866 1688 813 356 196 
18337 5959 2866 1688 813 356 196 
18337 5959 2866 1688 813 356 196 
18337 5959 2866 1688 813 356 196 
18337 5959 2866 1688 813 356 196 
18337 5959 2866 1688 813 356 196 
18337 5959 2866 1688 813 356 196 
6970 5385 2793 2097 1453 812 656 519 
6970 5385 2793 2097 1453 812 656 519 
6970 5385 2793 2097 1453 812 656 519 
6970 5385 2793 2097 1453 812 656 519 
6970 5385 2793 2097 1453 812 656 519 
6970 5385 2793 2097 1453 812 656 519 
6970 5385 2793 2097 1453 812 656 519 
6970 5385 2793 2097 1453 812 656 519 
6970 5385 2793 2097 1453 812 656 519 
6970 5385 2793 2097 1453 812 656 519 
9998 7137 5831 4178 2687 994 731 554 
9998 7137 5831 4178 2687 994 731 554 
9998 7137 5831 4178 2687 994 731 554 
9998 7137 5831 4178 2687 994 731 554 
9998 7137 5831 4178 2687 994 731 554 
9998 7137 5831 4178 2687 994 731 554 
9998 7137 5831 4178 2687 994 731 554 
9998 7137 5831 4178 2687 994 731 554 
9998 7137 5831 4178 2687 994 731 554 
9998 7137 5831 4178 2687 994 731 554 
10319 4496 3492 3052 2473 2098 1671 1089 890 612 
10319 4496 3492 3052 2473 2098 1671 1089 890 612 
10319 4496 3492 3052 2473 2098 1671 1089 890 612 
10319 4496 3492 3052 2473 2098 1671 1089 890 612 
10319 4496 3492 3052 2473 2098 1671 1089 890 612 
10319 4496 3492 3052 2473 2098 1671 1089 890 612 
10319 4496 3492 3052 2473 2098 1671 1089 890 612 
10319 4496 3492 3052 2473 2098 1671 1089 890 612 
10319 4496 3492 3052 2473 2098 1671 1089 890 612 
10319 4496 3492 3052 2473 2098 1671 1089 890 612 
6380 6098 3684 3371 2082 1668 1330 819 649 241 179 
6380 6098 3684 3371 2082 1668 1330 819 649 241 179 
6380 6098 3684 3371 2082 1668 1330 819 649 241 179 
6380 6098 3684 3371 2082 1668 1330 819 649 241 179 
6380 6098 3684 3371 2082 1668 1330 819 649 241 179 
6380 6098 3684 3371 2082 1668 1330 819 649 241 179 
6380 6098 3684 3371 2082 1668 1330 819 649 241 179 
6380 6098 3684 3371 2082 1668 1330 819 649 241 179 
6380 6098 3684 3371 2082 1668 1330 819 649 241 179 
6380 6098 3684 3371 2082 1668 1330 819 649 241 179 
27133 1499 755 339 154 
27133 1499 755 339 154 
27133 1499 755 339 154 
27133 1499 755 339 154 
27133 1499 755 339 154 
27133 1499 755 339 154 
27133 1499 755 339 154 
27133 1499 755 339 154 
27133 1499 755 339 154 
27133 1499 755 339 154 
15410 9682 3471 1780 1198 876 374 193 
15410 9682 3471 1780 1198 876 374 193 
15410 9682 3471 1780 1198 876 374 193 
15410 9682 3471 1780 1198 876 374 193 
15410 9682 3471 1780 1198 876 374 193 
15410 9682 3471 1780 1198 876 374 193 
15410 9682 3471 1780 1198 876 374 193 
15410 9682 3471 1780 1198 876 374 193 
15410 9682 3471 1780 1198 876 374 193 
15410 9682 3471 1780 1198 876 374 193 
13977 6321 3043 1792 1358 917 550 308 
13977 6321 3043 1792 1358 917 550 308 
13977 6321 3043 1792 1358 917 550 308 
13977 6321 3043 1792 1358 917 550 308 
13977 6321 3043 1792 1358 917 550 308 
13977 6321 3043 1792 1358 917 550 308 
13977 6321 3043 1792 1358 917 550 308 
13977 6321 3043 1792 1358 917 550 308 
13977 6321 3043 1792 1358 917 550 308 
13977 6321 3043 1792 1358 917 550 308 
16663 6277 4419 2357 1307 747 427 72 
16663 6277 4419 2357 1307 747 427 72 
16663 6277 4419 2357 1307 747 427 72 
16663 6277 4419 2357 1307 747 427 72 
16663 6277 4419 2357 1307 747 427 72 
16663 6277 4419 2357 1307 747 427 72 
16663 6277 4419 2357 1307 747 427 72 
16663 6277 4419 2357 1307 747 427 72 
16663 6277 4419 2357 1307 747 427 72 
16663 6277 4419 2357 1307 747 427 72 
10053 5165 3264 2202 1296 745 452 271 
10053 5165 3264 2202 1296 745 452 271 
10053 5165 3264 2202 1296 745 452 271 
10053 5165 3264 2202 1296 745 452 271 
10053 5165 3264 2202 1296 745 452 271 
10053 5165 3264 2202 1296 745 452 271 
10053 5165 3264 2202 1296 745 452 271 
10053 5165 3264 2202 1296 745 452 271 
10053 5165 3264 2202 1296 745 452 271 
10053 5165 3264 2202 1296 745 452 271 
17894 8208 2516 1484 1140 552 319 198 
17894 8208 2516 1484 1140 552 319 198 
17894 8208 2516 1484 1140 552 319 198 
17894 8208 2516 1484 1140 552 319 198 
17894 8208 2516 1484 1140 552 319 198 
17894 8208 2516 1484 1140 552 319 198 
17894 8208 2516 1484 1140 552 319 198 
17894 8208 2516 1484 1140 552 319 198 
17894 8208 2516 1484 1140 552 319 198 
17894 8208 2516 1484 1140 552 319 198 
21542 2135 1420 949 638 280 147 
21542 2135 1420 949 638 280 147 
21542 2135 1420 949 638 280 147 
21542 2135 1420 949 638 280 147 
21542 2135 1420 949 638 280 147 
21542 2135 1420 949 638 280 147 
21542 2135 1420 949 638 280 147 
21542 2135 1420 949 638 280 147 
21542 2135 1420 949 638 280 147 
21542 2135 1420 949 638 280 147 
25919 1565 1172 749 551 359 275 
25919 1565 1172 749 551 359 275 
25919 1565 1172 749 551 359 275 
25919 1565 1172 749 551 359 275 
25919 1565 1172 749 551 359 275 
25919 1565 1172 749 551 359 275 
25919 1565 1172 749 551 359 275 
25919 1565 1172 749 551 359 275 
25919 1565 1172 749 551 359 275 
25919 1565 1172 749 551 359 275 
8226 4830 3966 3055 2737 1357 1097 673 572 408 352 
8226 4830 3966 3055 2737 1357 1097 673 572 408 352 
8226 4830 3966 3055 2737 1357 1097 673 572 408 352 
8226 4830 3966 3055 2737 1357 1097 673 572 408 352 
8226 4830 3966 3055 2737 1357 1097 673 572 408 352 
8226 4830 3966 3055 2737 1357 1097 673 572 408 352 
8226 4830 3966 3055 2737 1357 1097 673 572 408 352 
8226 4830 3966 3055 2737 1357 1097 673 572 408 352 
8226 4830 3966 3055 2737 1357 1097 673 572 408 352 
8226 4830 3966 3055 2737 1357 1097 673 572 408 352 
6165 5317 3481 3236 2647 1299 832 497 213 
6165 5317 3481 3236 2647 1299 832 497 213 
6165 5317 3481 3236 2647 1299 832 497 213 
6165 5317 3481 3236 2647 1299 832 497 213 
6165 5317 3481 3236 2647 1299 832 497 213 
6165 5317 3481 3236 2647 1299 832 497 213 
6165 5317 3481 3236 2647 1299 832 497 213 
6165 5317 3481 3236 2647 1299 832 497 213 
6165 5317 3481 3236 2647 1299 832 497 213 
6165 5317 3481 3236 2647 1299 832 497 213 
7143 4391 2898 2624 1638 1231 692 279 
7143 4391 2898 2624 1638 1231 692 279 
7143 4391 2898 2624 1638 1231 692 279 
7143 4391 2898 2624 1638 1231 692 279 
7143 4391 2898 2624 1638 1231 692 279 
7143 4391 2898 2624 1638 1231 692 279 
7143 4391 2898 2624 1638 1231 692 279 
7143 4391 2898 2624 1638 1231 692 279 
7143 4391 2898 2624 1638 1231 692 279 
7143 4391 2898 2624 1638 1231 692 279 
6482 5941 2085 1732 1066 753 680 279 182 
6482 5941 2085 1732 1066 753 680 279 182 
6482 5941 2085 1732 1066 753 680 279 182 
6482 5941 2085 1732 1066 753 680 279 182 
6482 5941 2085 1732 1066 753 680 279 182 
6482 5941 2085 1732 1066 753 680 279 182 
6482 5941 2085 1732 1066 753 680 279 182 
6482 5941 2085 1732 1066 753 680 279 182 
6482 5941 2085 1732 1066 753 680 279 182 
6482 5941 2085 1732 1066 753 680 279 182 
7614 6442 5383 4145 2610 1581 1120 499 307 152 109 
7614 6442 5383 4145 2610 1581 1120 499 307 152 109 
7614 6442 5383 4145 2610 1581 1120 499 307 152 109 
7614 6442 5383 4145 2610 1581 1120 499 307 152 109 
7614 6442 5383 4145 2610 1581 1120 499 307 152 109 
7614 6442 5383 4145 2610 1581 1120 499 307 152 109 
7614 6442 5383 4145 2610 1581 1120 499 307 152 109 
7614 6442 5383 4145 2610 1581 1120 499 307 152 109 
7614 6442 5383 4145 2610 1581 1120 499 307 152 109 
7614 6442 5383 4145 2610 1581 1120 499 307 152 109 
9518 6861 4683 2225 1810 1263 867 627 172 
9518 6861 4683 2225 1810 1263 867 627 172 
9518 6861 4683 2225 1810 1263 867 627 172 
9518 6861 4683 2225 1810 1263 867 627 172 
9518 6861 4683 2225 1810 1263 867 627 172 
9518 6861 4683 2225 1810 1263 867 627 172 
9518 6861 4683 2225 1810 1263 867 627 172 
9518 6861 4683 2225 1810 1263 867 627 172 
9518 6861 4683 2225 1810 1263 867 627 172 
9518 6861 4683 2225 1810 1263 867 627 172 
10145 6321 3908 1812 1457 1040 610 398 173 
10145 6321 3908 1812 1457 1040 610 398 173 
10145 6321 3908 1812 1457 1040 610 398 173 
10145 6321 3908 1812 1457 1040 610 398 173 
10145 6321 3908 1812 1457 1040 610 398 173 
10145 6321 3908 1812 1457 1040 610 398 173 
10145 6321 3908 1812 1457 1040 610 398 173 
10145 6321 3908 1812 1457 1040 610 398 173 
10145 6321 3908 1812 1457 1040 610 398 173 
10145 6321 3908 1812 1457 1040 610 398 173 
7744 6585 2774 2461 1725 1388 668 616 
7744 6585 2774 2461 1725 1388 668 616 
7744 6585 2774 2461 1725 1388 668 616 
7744 6585 2774 2461 1725 1388 668 616 
7744 6585 2774 2461 1725 1388 668 616 
7744 6585 2774 2461 1725 1388 668 616 
7744 6585 2774 2461 1725 1388 668 616 
7744 6585 2774 2461 1725 1388 668 616 
7744 6585 2774 2461 1725 1388 668 616 
7744 6585 2774 2461 1725 1388 668 616 
22100 2297 1682 1303 716 128 
22100 2297 1682 1303 716 128 
22100 2297 1682 1303 716 128 
22100 2297 1682 1303 716 128 
22100 2297 1682 1303 716 128 
22100 2297 1682 1303 716 128 
22100 2297 1682 1303 716 128 
22100 2297 1682 1303 716 128 
22100 2297 1682 1303 716 128 
22100 2297 1682 1303 716 128 
9914 4070 2905 2411 1210 1066 435 369 254 
9914 4070 2905 2411 1210 1066 435 369 254 
9914 4070 2905 2411 1210 1066 435 369 254 
9914 4070 2905 2411 1210 1066 435 369 254 
9914 4070 2905 2411 1210 1066 435 369 254 
9914 4070 2905 2411 1210 1066 435 369 254 
9914 4070 2905 2411 1210 1066 435 369 254 
9914 4070 2905 2411 1210 1066 435 369 254 
9914 4070 2905 2411 1210 1066 435 369 254 
9914 4070 2905 2411 1210 1066 435 369 254 
17599 2553 1545 1282 520 336 204 
17599 2553 1545 1282 520 336 204 
17599 2553 1545 1282 520 336 204 
17599 2553 1545 1282 520 336 204 
17599 2553 1545 1282 520 336 204 
17599 2553 1545 1282 520 336 204 
17599 2553 1545 1282 520 336 204 
17599 2553 1545 1282 520 336 204 
17599 2553 1545 1282 520 336 204 
17599 2553 1545 1282 520 336 204 
8460 7554 4003 3016 1615 1062 689 559 
8460 7554 4003 3016 1615 1062 689 559 
8460 7554 4003 3016 1615 1062 689 559 
8460 7554 4003 3016 1615 1062 689 559 
8460 7554 4003 3016 1615 1062 689 559 
8460 7554 4003 3016 1615 1062 689 559 
8460 7554 4003 3016 1615 1062 689 559 
8460 7554 4003 3016 1615 1062 689 559 
8460 7554 4003 3016 1615 1062 689 559 
8460 7554 4003 3016 1615 1062 689 559 
11634 3595 1815 1396 854 557 385 147 
11634 3595 1815 1396 854 557 385 147 
11634 3595 1815 1396 854 557 385 147 
11634 3595 1815 1396 854 557 385 147 
11634 3595 1815 1396 854 557 385 147 
11634 3595 1815 1396 854 557 385 147 
11634 3595 1815 1396 854 557 385 147 
11634 3595 1815 1396 854 557 385 147 
11634 3595 1815 1396 854 557 385 147 
11634 3595 1815 1396 854 557 385 147 
7074 5497 2091 857 469 
11178 2900 1411 545 
7074 5497 2091 857 469 
11178 2900 1411 545 
7074 5497 2091 857 469 
11178 2900 1411 545 
7074 5497 2091 857 469 
11178 2900 1411 545 
7074 5497 2091 857 469 
11178 2900 1411 545 
7074 5497 2091 857 469 
11178 2900 1411 545 
7074 5497 2091 857 469 
11178 2900 1411 545 
7074 5497 2091 857 469 
11178 2900 1411 545 
7074 5497 2091 857 469 
11178 2900 1411 545 
7074 5497 2091 857 469 
11178 2900 1411 545 
13592 3834 2199 1335 785 479 249 145 
13592 3834 2199 1335 785 479 249 145 
13592 3834 2199 1335 785 479 249 145 
13592 3834 2199 1335 785 479 249 145 
13592 3834 2199 1335 785 479 249 145 
13592 3834 2199 1335 785 479 249 145 
13592 3834 2199 1335 785 479 249 145 
13592 3834 2199 1335 785 479 249 145 
13592 3834 2199 1335 785 479 249 145 
13592 3834 2199 1335 785 479 249 145 
9303 7481 4636 2218 1439 604 424 158 
9303 7481 4636 2218 1439 604 424 158 
9303 7481 4636 2218 1439 604 424 158 
9303 7481 4636 2218 1439 604 424 158 
9303 7481 4636 2218 1439 604 424 158 
9303 7481 4636 2218 1439 604 424 158 
9303 7481 4636 2218 1439 604 424 158 
9303 7481 4636 2218 1439 604 424 158 
9303 7481 4636 2218 1439 604 424 158 
9303 7481 4636 2218 1439 604 424 158 
5940 5274 3762 3199 1738 718 636 228 57 
5940 5274 3762 3199 1738 718 636 228 57 
5940 5274 3762 3199 1738 718 636 228 57 
5940 5274 3762 3199 1738 718 636 228 57 
5940 5274 3762 3199 1738 718 636 228 57 
5940 5274 3762 3199 1738 718 636 228 57 
5940 5274 3762 3199 1738 718 636 228 57 
5940 5274 3762 3199 1738 718 636 228 57 
5940 5274 3762 3199 1738 718 636 228 57 
5940 5274 3762 3199 1738 718 636 228 57 
13001 2795 2223 1538 967 536 312 
13001 2795 2223 1538 967 536 312 
13001 2795 2223 1538 967 536 312 
13001 2795 2223 1538 967 536 312 
13001 2795 2223 1538 967 536 312 
13001 2795 2223 1538 967 536 312 
13001 2795 2223 1538 967 536 312 
13001 2795 2223 1538 967 536 312 
13001 2795 2223 1538 967 536 312 
13001 2795 2223 1538 967 536 312 
11415 4185 2624 1722 1061 997 701 548 414 
11415 4185 2624 1722 1061 997 701 548 414 
11415 4185 2624 1722 1061 997 701 548 414 
11415 4185 2624 1722 1061 997 701 548 414 
11415 4185 2624 1722 1061 997 701 548 414 
11415 4185 2624 1722 1061 997 701 548 414 
11415 4185 2624 1722 1061 997 701 548 414 
11415 4185 2624 1722 1061 997 701 548 414 
11415 4185 2624 1722 1061 997 701 548 414 
11415 4185 2624 1722 1061 997 701 548 414 
18152 3448 2268 1010 670 577 
18152 3448 2268 1010 670 577 
18152 3448 2268 1010 670 577 
18152 3448 2268 1010 670 577 
18152 3448 2268 1010 670 577 
18152 3448 2268 1010 670 577 
18152 3448 2268 1010 670 577 
18152 3448 2268 1010 670 577 
18152 3448 2268 1010 670 577 
18152 3448 2268 1010 670 577 
7407 5126 4531 3581 1514 993 709 486 401 294 210 129 
7407 5126 4531 3581 1514 993 709 486 401 294 210 129 
7407 5126 4531 3581 1514 993 709 486 401 294 210 129 
7407 5126 4531 3581 1514 993 709 486 401 294 210 129 
7407 5126 4531 3581 1514 993 709 486 401 294 210 129 
7407 5126 4531 3581 1514 993 709 486 401 294 210 129 
7407 5126 4531 3581 1514 993 709 486 401 294 210 129 
7407 5126 4531 3581 1514 993 709 486 401 294 210 129 
7407 5126 4531 3581 1514 993 709 486 401 294 210 129 
7407 5126 4531 3581 1514 993 709 486 401 294 210 129 
11881 6978 3331 2656 1480 949 832 608 330 232 
11881 6978 3331 2656 1480 949 832 608 330 232 
11881 6978 3331 2656 1480 949 832 608 330 232 
11881 6978 3331 2656 1480 949 832 608 330 232 
11881 6978 3331 2656 1480 949 832 608 330 232 
11881 6978 3331 2656 1480 949 832 608 330 232 
11881 6978 3331 2656 1480 949 832 608 330 232 
11881 6978 3331 2656 1480 949 832 608 330 232 
11881 6978 3331 2656 1480 949 832 608 330 232 
11881 6978 3331 2656 1480 949 832 608 330 232 
13890 1478 890 619 407 173 
13890 1478 890 619 407 173 
13890 1478 890 619 407 173 
13890 1478 890 619 407 173 
13890 1478 890 619 407 173 
13890 1478 890 619 407 173 
13890 1478 890 619 407 173 
13890 1478 890 619 407 173 
13890 1478 890 619 407 173 
13890 1478 890 619 407 173 
10568 3367 3011 2411 1962 1263 1020 214 176 
10568 3367 3011 2411 1962 1263 1020 214 176 
10568 3367 3011 2411 1962 1263 1020 214 176 
10568 3367 3011 2411 1962 1263 1020 214 176 
10568 3367 3011 2411 1962 1263 1020 214 176 
10568 3367 3011 2411 1962 1263 1020 214 176 
10568 3367 3011 2411 1962 1263 1020 214 176 
10568 3367 3011 2411 1962 1263 1020 214 176 
10568 3367 3011 2411 1962 1263 1020 214 176 
10568 3367 3011 2411 1962 1263 1020 214 176 
12400 4346 3481 2235 1453 1318 845 432 
12400 4346 3481 2235 1453 1318 845 432 
12400 4346 3481 2235 1453 1318 845 432 
12400 4346 3481 2235 1453 1318 845 432 
12400 4346 3481 2235 1453 1318 845 432 
12400 4346 3481 2235 1453 1318 845 432 
12400 4346 3481 2235 1453 1318 845 432 
12400 4346 3481 2235 1453 1318 845 432 
12400 4346 3481 2235 1453 1318 845 432 
12400 4346 3481 2235 1453 1318 845 432 
4722 3410 3231 2283 1563 1102 511 355 
4722 3410 3231 2283 1563 1102 511 355 
4722 3410 3231 2283 1563 1102 511 355 
4722 3410 3231 2283 1563 1102 511 355 
4722 3410 3231 2283 1563 1102 511 355 
4722 3410 3231 2283 1563 1102 511 355 
4722 3410 3231 2283 1563 1102 511 355 
4722 3410 3231 2283 1563 1102 511 355 
4722 3410 3231 2283 1563 1102 511 355 
4722 3410 3231 2283 1563 1102 511 355 
5390 5315 2556 1882 921 873 468 133 
5390 5315 2556 1882 921 873 468 133 
5390 5315 2556 1882 921 873 468 133 
5390 5315 2556 1882 921 873 468 133 
5390 5315 2556 1882 921 873 468 133 
5390 5315 2556 1882 921 873 468 133 
5390 5315 2556 1882 921 873 468 133 
5390 5315 2556 1882 921 873 468 133 
5390 5315 2556 1882 921 873 468 133 
5390 5315 2556 1882 921 873 468 133 
17621 5131 2713 1924 1003 647 382 230 
17621 5131 2713 1924 1003 647 382 230 
17621 5131 2713 1924 1003 647 382 230 
17621 5131 2713 1924 1003 647 382 230 
17621 5131 2713 1924 1003 647 382 230 
17621 5131 2713 1924 1003 647 382 230 
17621 5131 2713 1924 1003 647 382 230 
17621 5131 2713 1924 1003 647 382 230 
17621 5131 2713 1924 1003 647 382 230 
17621 5131 2713 1924 1003 647 382 230 
23847 3909 1423 1262 463 201 
23847 3909 1423 1262 463 201 
23847 3909 1423 1262 463 201 
23847 3909 1423 1262 463 201 
23847 3909 1423 1262 463 201 
23847 3909 1423 1262 463 201 
23847 3909 1423 1262 463 201 
23847 3909 1423 1262 463 201 
23847 3909 1423 1262 463 201 
23847 3909 1423 1262 463 201 
8881 5152 3596 2396 1639 1090 702 579 
8881 5152 3596 2396 1639 1090 702 579 
8881 5152 3596 2396 1639 1090 702 579 
8881 5152 3596 2396 1639 1090 702 579 
8881 5152 3596 2396 1639 1090 702 579 
8881 5152 3596 2396 1639 1090 702 579 
8881 5152 3596 2396 1639 1090 702 579 
8881 5152 3596 2396 1639 1090 702 579 
8881 5152 3596 2396 1639 1090 702 579 
8881 5152 3596 2396 1639 1090 702 579 
10427 1652 1340 988 604 230 
10427 1652 1340 988 604 230 
10427 1652 1340 988 604 230 
10427 1652 1340 988 604 230 
10427 1652 1340 988 604 230 
10427 1652 1340 988 604 230 
10427 1652 1340 988 604 230 
10427 1652 1340 988 604 230 
10427 1652 1340 988 604 230 
10427 1652 1340 988 604 230 
9049 5549 4162 1986 1574 1356 705 315 
9049 5549 4162 1986 1574 1356 705 315 
9049 5549 4162 1986 1574 1356 705 315 
9049 5549 4162 1986 1574 1356 705 315 
9049 5549 4162 1986 1574 1356 705 315 
9049 5549 4162 1986 1574 1356 705 315 
9049 5549 4162 1986 1574 1356 705 315 
9049 5549 4162 1986 1574 1356 705 315 
9049 5549 4162 1986 1574 1356 705 315 
9049 5549 4162 1986 1574 1356 705 315 
6315 4648 4103 2501 2158 891 541 480 258 
6315 4648 4103 2501 2158 891 541 480 258 
6315 4648 4103 2501 2158 891 541 480 258 
6315 4648 4103 2501 2158 891 541 480 258 
6315 4648 4103 2501 2158 891 541 480 258 
6315 4648 4103 2501 2158 891 541 480 258 
6315 4648 4103 2501 2158 891 541 480 258 
6315 4648 4103 2501 2158 891 541 480 258 
6315 4648 4103 2501 2158 891 541 480 258 
6315 4648 4103 2501 2158 891 541 480 258 
11353 6956 3967 2424 1477 1227 561 426 310 
11353 6956 3967 2424 1477 1227 561 426 310 
11353 6956 3967 2424 1477 1227 561 426 310 
11353 6956 3967 2424 1477 1227 561 426 310 
11353 6956 3967 2424 1477 1227 561 426 310 
11353 6956 3967 2424 1477 1227 561 426 310 
11353 6956 3967 2424 1477 1227 561 426 310 
11353 6956 3967 2424 1477 1227 561 426 310 
11353 6956 3967 2424 1477 1227 561 426 310 
11353 6956 3967 2424 1477 1227 561 426 310 
12503 2343 2017 1486 885 375 143 
12503 2343 2017 1486 885 375 143 
12503 2343 2017 1486 885 375 143 
12503 2343 2017 1486 885 375 143 
12503 2343 2017 1486 885 375 143 
12503 2343 2017 1486 885 375 143 
12503 2343 2017 1486 885 375 143 
12503 2343 2017 1486 885 375 143 
12503 2343 2017 1486 885 375 143 
12503 2343 2017 1486 885 375 143 
8061 4811 4710 2146 1606 996 759 442 332 
8061 4811 4710 2146 1606 996 759 442 332 
8061 4811 4710 2146 1606 996 759 442 332 
8061 4811 4710 2146 1606 996 759 442 332 
8061 4811 4710 2146 1606 996 759 442 332 
8061 4811 4710 2146 1606 996 759 442 332 
8061 4811 4710 2146 1606 996 759 442 332 
8061 4811 4710 2146 1606 996 759 442 332 
8061 4811 4710 2146 1606 996 759 442 332 
8061 4811 4710 2146 1606 996 759 442 332 
16386 5348 2536 1391 688 614 272 
16386 5348 2536 1391 688 614 272 
16386 5348 2536 1391 688 614 272 
16386 5348 2536 1391 688 614 272 
16386 5348 2536 1391 688 614 272 
16386 5348 2536 1391 688 614 272 
16386 5348 2536 1391 688 614 272 
16386 5348 2536 1391 688 614 272 
16386 5348 2536 1391 688 614 272 
16386 5348 2536 1391 688 614 272 
14081 6184 3826 2712 1881 1233 531 341 
14081 6184 3826 2712 1881 1233 531 341 
14081 6184 3826 2712 1881 1233 531 341 
14081 6184 3826 2712 1881 1233 531 341 
14081 6184 3826 2712 1881 1233 531 341 
14081 6184 3826 2712 1881 1233 531 341 
14081 6184 3826 2712 1881 1233 531 341 
14081 6184 3826 2712 1881 1233 531 341 
14081 6184 3826 2712 1881 1233 531 341 
14081 6184 3826 2712 1881 1233 531 341 
11773 4996 4120 2802 1526 976 481 243 123 
11773 4996 4120 2802 1526 976 481 243 123 
11773 4996 4120 2802 1526 976 481 243 123 
11773 4996 4120 2802 1526 976 481 243 123 
11773 4996 4120 2802 1526 976 481 243 123 
11773 4996 4120 2802 1526 976 481 243 123 
11773 4996 4120 2802 1526 976 481 243 123 
11773 4996 4120 2802 1526 976 481 243 123 
11773 4996 4120 2802 1526 976 481 243 123 
11773 4996 4120 2802 1526 976 481 243 123 
27782 2089 1313 572 212 105 
27782 2089 1313 572 212 105 
27782 2089 1313 572 212 105 
27782 2089 1313 572 212 105 
27782 2089 1313 572 212 105 
27782 2089 1313 572 212 105 
27782 2089 1313 572 212 105 
27782 2089 1313 572 212 105 
27782 2089 1313 572 212 105 
27782 2089 1313 572 212 105 
11577 5248 3184 1909 1321 1060 705 382 269 
11577 5248 3184 1909 1321 1060 705 382 269 
11577 5248 3184 1909 1321 1060 705 382 269 
11577 5248 3184 1909 1321 1060 705 382 269 
11577 5248 3184 1909 1321 1060 705 382 269 
11577 5248 3184 1909 1321 1060 705 382 269 
11577 5248 3184 1909 1321 1060 705 382 269 
11577 5248 3184 1909 1321 1060 705 382 269 
11577 5248 3184 1909 1321 1060 705 382 269 
11577 5248 3184 1909 1321 1060 705 382 269 
11771 5003 2393 2046 1490 1264 671 518 237 
11771 5003 2393 2046 1490 1264 671 518 237 
11771 5003 2393 2046 1490 1264 671 518 237 
11771 5003 2393 2046 1490 1264 671 518 237 
11771 5003 2393 2046 1490 1264 671 518 237 
11771 5003 2393 2046 1490 1264 671 518 237 
11771 5003 2393 2046 1490 1264 671 518 237 
11771 5003 2393 2046 1490 1264 671 518 237 
11771 5003 2393 2046 1490 1264 671 518 237 
11771 5003 2393 2046 1490 1264 671 518 237 
14851 5566 2756 1969 1620 774 415 313 
14851 5566 2756 1969 1620 774 415 313 
14851 5566 2756 1969 1620 774 415 313 
14851 5566 2756 1969 1620 774 415 313 
14851 5566 2756 1969 1620 774 415 313 
14851 5566 2756 1969 1620 774 415 313 
14851 5566 2756 1969 1620 774 415 313 
14851 5566 2756 1969 1620 774 415 313 
14851 5566 2756 1969 1620 774 415 313 
14851 5566 2756 1969 1620 774 415 313 
3940 3861 3001 1821 1265 717 461 276 
3940 3861 3001 1821 1265 717 461 276 
3940 3861 3001 1821 1265 717 461 276 
3940 3861 3001 1821 1265 717 461 276 
3940 3861 3001 1821 1265 717 461 276 
3940 3861 3001 1821 1265 717 461 276 
3940 3861 3001 1821 1265 717 461 276 
3940 3861 3001 1821 1265 717 461 276 
3940 3861 3001 1821 1265 717 461 276 
3940 3861 3001 1821 1265 717 461 276 
14284 7782 3193 2423 1610 1034 477 272 138 
14284 7782 3193 2423 1610 1034 477 272 138 
14284 7782 3193 2423 1610 1034 477 272 138 
14284 7782 3193 2423 1610 1034 477 272 138 
14284 7782 3193 2423 1610 1034 477 272 138 
14284 7782 3193 2423 1610 1034 477 272 138 
14284 7782 3193 2423 1610 1034 477 272 138 
14284 7782 3193 2423 1610 1034 477 272 138 
14284 7782 3193 2423 1610 1034 477 272 138 
14284 7782 3193 2423 1610 1034 477 272 138 
8131 3704 1745 854 325 225 
15051 
8131 3704 1745 854 325 225 
15051 
8131 3704 1745 854 325 225 
15051 
8131 3704 1745 854 325 225 
15051 
8131 3704 1745 854 325 225 
15051 
8131 3704 1745 854 325 225 
15051 
8131 3704 1745 854 325 225 
15051 
8131 3704 1745 854 325 225 
15051 
8131 3704 1745 854 325 225 
15051 
8131 3704 1745 854 325 225 
15051 
16646 6397 2593 1736 1038 670 128 41 
16646 6397 2593 1736 1038 670 128 41 
16646 6397 2593 1736 1038 670 128 41 
16646 6397 2593 1736 1038 670 128 41 
16646 6397 2593 1736 1038 670 128 41 
16646 6397 2593 1736 1038 670 128 41 
16646 6397 2593 1736 1038 670 128 41 
16646 6397 2593 1736 1038 670 128 41 
16646 6397 2593 1736 1038 670 128 41 
16646 6397 2593 1736 1038 670 128 41 
9327 4230 2351 1660 1539 623 436 162 
9327 4230 2351 1660 1539 623 436 162 
9327 4230 2351 1660 1539 623 436 162 
9327 4230 2351 1660 1539 623 436 162 
9327 4230 2351 1660 1539 623 436 162 
9327 4230 2351 1660 1539 623 436 162 
9327 4230 2351 1660 1539 623 436 162 
9327 4230 2351 1660 1539 623 436 162 
9327 4230 2351 1660 1539 623 436 162 
9327 4230 2351 1660 1539 623 436 162 
12042 5418 3141 2725 1158 772 386 195 
12042 5418 3141 2725 1158 772 386 195 
12042 5418 3141 2725 1158 772 386 195 
12042 5418 3141 2725 1158 772 386 195 
12042 5418 3141 2725 1158 772 386 195 
12042 5418 3141 2725 1158 772 386 195 
12042 5418 3141 2725 1158 772 386 195 
12042 5418 3141 2725 1158 772 386 195 
12042 5418 3141 2725 1158 772 386 195 
12042 5418 3141 2725 1158 772 386 195 
8643 4900 2519 1850 1244 1108 896 509 387 269 194 
8643 4900 2519 1850 1244 1108 896 509 387 269 194 
8643 4900 2519 1850 1244 1108 896 509 387 269 194 
8643 4900 2519 1850 1244 1108 896 509 387 269 194 
8643 4900 2519 1850 1244 1108 896 509 387 269 194 
8643 4900 2519 1850 1244 1108 896 509 387 269 194 
8643 4900 2519 1850 1244 1108 896 509 387 269 194 
8643 4900 2519 1850 1244 1108 896 509 387 269 194 
8643 4900 2519 1850 1244 1108 896 509 387 269 194 
8643 4900 2519 1850 1244 1108 896 509 387 269 194 
7170 3910 2817 1595 1080 882 576 343 218 
7170 3910 2817 1595 1080 882 576 343 218 
7170 3910 2817 1595 1080 882 576 343 218 
7170 3910 2817 1595 1080 882 576 343 218 
7170 3910 2817 1595 1080 882 576 343 218 
7170 3910 2817 1595 1080 882 576 343 218 
7170 3910 2817 1595 1080 882 576 343 218 
7170 3910 2817 1595 1080 882 576 343 218 
7170 3910 2817 1595 1080 882 576 343 218 
7170 3910 2817 1595 1080 882 576 343 218 
17711 5109 2801 1998 1155 693 494 334 
17711 5109 2801 1998 1155 693 494 334 
17711 5109 2801 1998 1155 693 494 334 
17711 5109 2801 1998 1155 693 494 334 
17711 5109 2801 1998 1155 693 494 334 
17711 5109 2801 1998 1155 693 494 334 
17711 5109 2801 1998 1155 693 494 334 
17711 5109 2801 1998 1155 693 494 334 
17711 5109 2801 1998 1155 693 494 334 
17711 5109 2801 1998 1155 693 494 334 
8625 6739 2897 2305 1590 1216 649 389 246 
8625 6739 2897 2305 1590 1216 649 389 246 
8625 6739 2897 2305 1590 1216 649 389 246 
8625 6739 2897 2305 1590 1216 649 389 246 
8625 6739 2897 2305 1590 1216 649 389 246 
8625 6739 2897 2305 1590 1216 649 389 246 
8625 6739 2897 2305 1590 1216 649 389 246 
8625 6739 2897 2305 1590 1216 649 389 246 
8625 6739 2897 2305 1590 1216 649 389 246 
8625 6739 2897 2305 1590 1216 649 389 246 
10522 4947 3621 1772 1193 707 356 176 
10522 4947 3621 1772 1193 707 356 176 
10522 4947 3621 1772 1193 707 356 176 
10522 4947 3621 1772 1193 707 356 176 
10522 4947 3621 1772 1193 707 356 176 
10522 4947 3621 1772 1193 707 356 176 
10522 4947 3621 1772 1193 707 356 176 
10522 4947 3621 1772 1193 707 356 176 
10522 4947 3621 1772 1193 707 356 176 
10522 4947 3621 1772 1193 707 356 176 
7086 6320 4859 2993 1807 1309 337 
7086 6320 4859 2993 1807 1309 337 
7086 6320 4859 2993 1807 1309 337 
7086 6320 4859 2993 1807 1309 337 
7086 6320 4859 2993 1807 1309 337 
7086 6320 4859 2993 1807 1309 337 
7086 6320 4859 2993 1807 1309 337 
7086 6320 4859 2993 1807 1309 337 
7086 6320 4859 2993 1807 1309 337 
7086 6320 4859 2993 1807 1309 337 
13382 1762 808 
9196 3288 1948 1081 521 
13382 1762 808 
9196 3288 1948 1081 521 
13382 1762 808 
9196 3288 1948 1081 521 
13382 1762 808 
9196 3288 1948 1081 521 
13382 1762 808 
9196 3288 1948 1081 521 
13382 1762 808 
9196 3288 1948 1081 521 
13382 1762 808 
9196 3288 1948 1081 521 
13382 1762 808 
9196 3288 1948 1081 521 
13382 1762 808 
9196 3288 1948 1081 521 
13382 1762 808 
9196 3288 1948 1081 521 
6017 5818 4099 2077 1310 1090 550 311 214 
6017 5818 4099 2077 1310 1090 550 311 214 
6017 5818 4099 2077 1310 1090 550 311 214 
6017 5818 4099 2077 1310 1090 550 311 214 
6017 5818 4099 2077 1310 1090 550 311 214 
6017 5818 4099 2077 1310 1090 550 311 214 
6017 5818 4099 2077 1310 1090 550 311 214 
6017 5818 4099 2077 1310 1090 550 311 214 
6017 5818 4099 2077 1310 1090 550 311 214 
6017 5818 4099 2077 1310 1090 550 311 214 
7018 3486 2052 1833 370 279 
6144 4052 2997 1049 506 305 
7018 3486 2052 1833 370 279 
6144 4052 2997 1049 506 305 
7018 3486 2052 1833 370 279 
6144 4052 2997 1049 506 305 
7018 3486 2052 1833 370 279 
6144 4052 2997 1049 506 305 
7018 3486 2052 1833 370 279 
6144 4052 2997 1049 506 305 
7018 3486 2052 1833 370 279 
6144 4052 2997 1049 506 305 
7018 3486 2052 1833 370 279 
6144 4052 2997 1049 506 305 
7018 3486 2052 1833 370 279 
6144 4052 2997 1049 506 305 
7018 3486 2052 1833 370 279 
6144 4052 2997 1049 506 305 
7018 3486 2052 1833 370 279 
6144 4052 2997 1049 506 305 
15534 7111 3257 2735 1412 800 357 
15534 7111 3257 2735 1412 800 357 
15534 7111 3257 2735 1412 800 357 
15534 7111 3257 2735 1412 800 357 
15534 7111 3257 2735 1412 800 357 
15534 7111 3257 2735 1412 800 357 
15534 7111 3257 2735 1412 800 357 
15534 7111 3257 2735 1412 800 357 
15534 7111 3257 2735 1412 800 357 
15534 7111 3257 2735 1412 800 357 
9325 4980 1274 806 358 
6890 6526 1770 927 450 260 
9325 4980 1274 806 358 
6890 6526 1770 927 450 260 
9325 4980 1274 806 358 
6890 6526 1770 927 450 260 
9325 4980 1274 806 358 
6890 6526 1770 927 450 260 
9325 4980 1274 806 358 
6890 6526 1770 927 450 260 
9325 4980 1274 806 358 
6890 6526 1770 927 450 260 
9325 4980 1274 806 358 
6890 6526 1770 927 450 260 
9325 4980 1274 806 358 
6890 6526 1770 927 450 260 
9325 4980 1274 806 358 
6890 6526 1770 927 450 260 
9325 4980 1274 806 358 
6890 6526 1770 927 450 260 
7951 3401 2788 1999 1050 795 291 
7951 3401 2788 1999 1050 795 291 
7951 3401 2788 1999 1050 795 291 
7951 3401 2788 1999 1050 795 291 
7951 3401 2788 1999 1050 795 291 
7951 3401 2788 1999 1050 795 291 
7951 3401 2788 1999 1050 795 291 
7951 3401 2788 1999 1050 795 291 
7951 3401 2788 1999 1050 795 291 
7951 3401 2788 1999 1050 795 291 
13090 6647 4038 3248 1957 1100 578 394 
13090 6647 4038 3248 1957 1100 578 394 
13090 6647 4038 3248 1957 1100 578 394 
13090 6647 4038 3248 1957 1100 578 394 
13090 6647 4038 3248 1957 1100 578 394 
13090 6647 4038 3248 1957 1100 578 394 
13090 6647 4038 3248 1957 1100 578 394 
13090 6647 4038 3248 1957 1100 578 394 
13090 6647 4038 3248 1957 1100 578 394 
13090 6647 4038 3248 1957 1100 578 394 
9385 3987 1844 1455 1068 698 482 326 69 44 
9385 3987 1844 1455 1068 698 482 326 69 44 
9385 3987 1844 1455 1068 698 482 326 69 44 
9385 3987 1844 1455 1068 698 482 326 69 44 
9385 3987 1844 1455 1068 698 482 326 69 44 
9385 3987 1844 1455 1068 698 482 326 69 44 
9385 3987 1844 1455 1068 698 482 326 69 44 
9385 3987 1844 1455 1068 698 482 326 69 44 
9385 3987 1844 1455 1068 698 482 326 69 44 
9385 3987 1844 1455 1068 698 482 326 69 44 
8988 5908 2773 754 440 
9653 5489 2521 960 211 
8988 5908 2773 754 440 
9653 5489 2521 960 211 
8988 5908 2773 754 440 
9653 5489 2521 960 211 
8988 5908 2773 754 440 
9653 5489 2521 960 211 
8988 5908 2773 754 440 
9653 5489 2521 960 211 
8988 5908 2773 754 440 
9653 5489 2521 960 211 
8988 5908 2773 754 440 
9653 5489 2521 960 211 
8988 5908 2773 754 440 
9653 5489 2521 960 211 
8988 5908 2773 754 440 
9653 5489 2521 960 211 
8988 5908 2773 754 440 
9653 5489 2521 960 211 
7282 7070 3113 
7768 6839 1602 810 480 
7282 7070 3113 
7768 6839 1602 810 480 
7282 7070 3113 
7768 6839 1602 810 480 
7282 7070 3113 
7768 6839 1602 810 480 
7282 7070 3113 
7768 6839 1602 810 480 
7282 7070 3113 
7768 6839 1602 810 480 
7282 7070 3113 
7768 6839 1602 810 480 
7282 7070 3113 
7768 6839 1602 810 480 
7282 7070 3113 
7768 6839 1602 810 480 
7282 7070 3113 
7768 6839 1602 810 480 
7100 6751 2302 1390 292 
7423 6359 2606 1325 131 
7100 6751 2302 1390 292 
7423 6359 2606 1325 131 
7100 6751 2302 1390 292 
7423 6359 2606 1325 131 
7100 6751 2302 1390 292 
7423 6359 2606 1325 131 
7100 6751 2302 1390 292 
7423 6359 2606 1325 131 
7100 6751 2302 1390 292 
7423 6359 2606 1325 131 
7100 6751 2302 1390 292 
7423 6359 2606 1325 131 
7100 6751 2302 1390 292 
7423 6359 2606 1325 131 
7100 6751 2302 1390 292 
7423 6359 2606 1325 131 
7100 6751 2302 1390 292 
7423 6359 2606 1325 131 
14721 7074 4494 2588 1769 1026 530 265 
14721 7074 4494 2588 1769 1026 530 265 
14721 7074 4494 2588 1769 1026 530 265 
14721 7074 4494 2588 1769 1026 530 265 
14721 7074 4494 2588 1769 1026 530 265 
14721 7074 4494 2588 1769 1026 530 265 
14721 7074 4494 2588 1769 1026 530 265 
14721 7074 4494 2588 1769 1026 530 265 
14721 7074 4494 2588 1769 1026 530 265 
14721 7074 4494 2588 1769 1026 530 265 
7030 6859 3812 2134 1561 808 621 144 
7030 6859 3812 2134 1561 808 621 144 
7030 6859 3812 2134 1561 808 621 144 
7030 6859 3812 2134 1561 808 621 144 
7030 6859 3812 2134 1561 808 621 144 
7030 6859 3812 2134 1561 808 621 144 
7030 6859 3812 2134 1561 808 621 144 
7030 6859 3812 2134 1561 808 621 144 
7030 6859 3812 2134 1561 808 621 144 
7030 6859 3812 2134 1561 808 621 144 
7643 7385 6502 3893 3291 1840 1372 666 575 
7643 7385 6502 3893 3291 1840 1372 666 575 
7643 7385 6502 3893 3291 1840 1372 666 575 
7643 7385 6502 3893 3291 1840 1372 666 575 
7643 7385 6502 3893 3291 1840 1372 666 575 
7643 7385 6502 3893 3291 1840 1372 666 575 
7643 7385 6502 3893 3291 1840 1372 666 575 
7643 7385 6502 3893 3291 1840 1372 666 575 
7643 7385 6502 3893 3291 1840 1372 666 575 
7643 7385 6502 3893 3291 1840 1372 666 575 
21399 343 245 
21399 343 245 
21399 343 245 
21399 343 245 
21399 343 245 
21399 343 245 
21399 343 245 
21399 343 245 
21399 343 245 
21399 343 245 
7218 5286 4428 2881 2046 907 554 397 114 
7218 5286 4428 2881 2046 907 554 397 114 
7218 5286 4428 2881 2046 907 554 397 114 
7218 5286 4428 2881 2046 907 554 397 114 
7218 5286 4428 2881 2046 907 554 397 114 
7218 5286 4428 2881 2046 907 554 397 114 
7218 5286 4428 2881 2046 907 554 397 114 
7218 5286 4428 2881 2046 907 554 397 114 
7218 5286 4428 2881 2046 907 554 397 114 
7218 5286 4428 2881 2046 907 554 397 114 
10246 5077 3571 2771 1804 1509 704 364 341 130 
10246 5077 3571 2771 1804 1509 704 364 341 130 
10246 5077 3571 2771 1804 1509 704 364 341 130 
10246 5077 3571 2771 1804 1509 704 364 341 130 
10246 5077 3571 2771 1804 1509 704 364 341 130 
10246 5077 3571 2771 1804 1509 704 364 341 130 
10246 5077 3571 2771 1804 1509 704 364 341 130 
10246 5077 3571 2771 1804 1509 704 364 341 130 
10246 5077 3571 2771 1804 1509 704 364 341 130 
10246 5077 3571 2771 1804 1509 704 364 341 130 
13732 4212 2925 2059 1605 895 494 339 
13732 4212 2925 2059 1605 895 494 339 
13732 4212 2925 2059 1605 895 494 339 
13732 4212 2925 2059 1605 895 494 339 
13732 4212 2925 2059 1605 895 494 339 
13732 4212 2925 2059 1605 895 494 339 
13732 4212 2925 2059 1605 895 494 339 
13732 4212 2925 2059 1605 895 494 339 
13732 4212 2925 2059 1605 895 494 339 
13732 4212 2925 2059 1605 895 494 339 
6320 6219 2200 1180 573 
7388 5956 1934 701 339 299 
6320 6219 2200 1180 573 
7388 5956 1934 701 339 299 
6320 6219 2200 1180 573 
7388 5956 1934 701 339 299 
6320 6219 2200 1180 573 
7388 5956 1934 701 339 299 
6320 6219 2200 1180 573 
7388 5956 1934 701 339 299 
6320 6219 2200 1180 573 
7388 5956 1934 701 339 299 
6320 6219 2200 1180 573 
7388 5956 1934 701 339 299 
6320 6219 2200 1180 573 
7388 5956 1934 701 339 299 
6320 6219 2200 1180 573 
7388 5956 1934 701 339 299 
6320 6219 2200 1180 573 
7388 5956 1934 701 339 299 
7915 7611 2622 1180 587 445 170 160 154 150 131 
7915 7611 2622 1180 587 445 170 160 154 150 131 
7915 7611 2622 1180 587 445 170 160 154 150 131 
7915 7611 2622 1180 587 445 170 160 154 150 131 
7915 7611 2622 1180 587 445 170 160 154 150 131 
7915 7611 2622 1180 587 445 170 160 154 150 131 
7915 7611 2622 1180 587 445 170 160 154 150 131 
7915 7611 2622 1180 587 445 170 160 154 150 131 
7915 7611 2622 1180 587 445 170 160 154 150 131 
7915 7611 2622 1180 587 445 170 160 154 150 131 
2901 1021 181 178 171 160 159 150 147 143 140 131 
2901 1021 181 178 171 160 159 150 147 143 140 131 
2901 1021 181 178 171 160 159 150 147 143 140 131 
2901 1021 181 178 171 160 159 150 147 143 140 131 
2901 1021 181 178 171 160 159 150 147 143 140 131 
2901 1021 181 178 171 160 159 150 147 143 140 131 
2901 1021 181 178 171 160 159 150 147 143 140 131 
2901 1021 181 178 171 160 159 150 147 143 140 131 
2901 1021 181 178 171 160 159 150 147 143 140 131 
2901 1021 181 178 171 160 159 150 147 143 140 131 
3934 1338 203 194 190 177 172 162 161 160 155 151 145 143 141 135 79 
3934 1338 203 194 190 177 172 162 161 160 155 151 145 143 141 135 79 
3934 1338 203 194 190 177 172 162 161 160 155 151 145 143 141 135 79 
3934 1338 203 194 190 177 172 162 161 160 155 151 145 143 141 135 79 
3934 1338 203 194 190 177 172 162 161 160 155 151 145 143 141 135 79 
3934 1338 203 194 190 177 172 162 161 160 155 151 145 143 141 135 79 
3934 1338 203 194 190 177 172 162 161 160 155 151 145 143 141 135 79 
3934 1338 203 194 190 177 172 162 161 160 155 151 145 143 141 135 79 
3934 1338 203 194 190 177 172 162 161 160 155 151 145 143 141 135 79 
3934 1338 203 194 190 177 172 162 161 160 155 151 145 143 141 135 79 
15865 1663 686 159 153 147 
15865 1663 686 159 153 147 
15865 1663 686 159 153 147 
15865 1663 686 159 153 147 
15865 1663 686 159 153 147 
15865 1663 686 159 153 147 
15865 1663 686 159 153 147 
15865 1663 686 159 153 147 
15865 1663 686 159 153 147 
15865 1663 686 159 153 147 
23515 938 623 
21495 1827 1367 
23515 938 623 
21495 1827 1367 
23515 938 623 
21495 1827 1367 
23515 938 623 
21495 1827 1367 
23515 938 623 
21495 1827 1367 
23515 938 623 
21495 1827 1367 
23515 938 623 
21495 1827 1367 
23515 938 623 
21495 1827 1367 
23515 938 623 
21495 1827 1367 
23515 938 623 
21495 1827 1367 
11744 7523 3921 2924 714 
9434 8515 4756 3319 1002 
11744 7523 3921 2924 714 
9434 8515 4756 3319 1002 
11744 7523 3921 2924 714 
9434 8515 4756 3319 1002 
11744 7523 3921 2924 714 
9434 8515 4756 3319 1002 
11744 7523 3921 2924 714 
9434 8515 4756 3319 1002 
11744 7523 3921 2924 714 
9434 8515 4756 3319 1002 
11744 7523 3921 2924 714 
9434 8515 4756 3319 1002 
11744 7523 3921 2924 714 
9434 8515 4756 3319 1002 
11744 7523 3921 2924 714 
9434 8515 4756 3319 1002 
11744 7523 3921 2924 714 
9434 8515 4756 3319 1002 
8359 3399 2197 1047 454 
16513 
8359 3399 2197 1047 454 
16513 
8359 3399 2197 1047 454 
16513 
8359 3399 2197 1047 454 
16513 
8359 3399 2197 1047 454 
16513 
8359 3399 2197 1047 454 
16513 
8359 3399 2197 1047 454 
16513 
8359 3399 2197 1047 454 
16513 
8359 3399 2197 1047 454 
16513 
8359 3399 2197 1047 454 
16513 
8907 7819 5639 3363 2564 1784 1067 889 296 193 
8907 7819 5639 3363 2564 1784 1067 889 296 193 
8907 7819 5639 3363 2564 1784 1067 889 296 193 
8907 7819 5639 3363 2564 1784 1067 889 296 193 
8907 7819 5639 3363 2564 1784 1067 889 296 193 
8907 7819 5639 3363 2564 1784 1067 889 296 193 
8907 7819 5639 3363 2564 1784 1067 889 296 193 
8907 7819 5639 3363 2564 1784 1067 889 296 193 
8907 7819 5639 3363 2564 1784 1067 889 296 193 
8907 7819 5639 3363 2564 1784 1067 889 296 193 
8018 6049 3837 2146 1052 
16390 2692 1410 604 
8018 6049 3837 2146 1052 
16390 2692 1410 604 
8018 6049 3837 2146 1052 
16390 2692 1410 604 
8018 6049 3837 2146 1052 
16390 2692 1410 604 
8018 6049 3837 2146 1052 
16390 2692 1410 604 
8018 6049 3837 2146 1052 
16390 2692 1410 604 
8018 6049 3837 2146 1052 
16390 2692 1410 604 
8018 6049 3837 2146 1052 
16390 2692 1410 604 
8018 6049 3837 2146 1052 
16390 2692 1410 604 
8018 6049 3837 2146 1052 
16390 2692 1410 604 
13675 4500 2596 1020 
13748 4456 2522 1151 
13675 4500 2596 1020 
13748 4456 2522 1151 
13675 4500 2596 1020 
13748 4456 2522 1151 
13675 4500 2596 1020 
13748 4456 2522 1151 
13675 4500 2596 1020 
13748 4456 2522 1151 
13675 4500 2596 1020 
13748 4456 2522 1151 
13675 4500 2596 1020 
13748 4456 2522 1151 
13675 4500 2596 1020 
13748 4456 2522 1151 
13675 4500 2596 1020 
13748 4456 2522 1151 
13675 4500 2596 1020 
13748 4456 2522 1151 
7679 6223 3569 1205 785 100 
19435 182 
7679 6223 3569 1205 785 100 
19435 182 
7679 6223 3569 1205 785 100 
19435 182 
7679 6223 3569 1205 785 100 
19435 182 
7679 6223 3569 1205 785 100 
19435 182 
7679 6223 3569 1205 785 100 
19435 182 
7679 6223 3569 1205 785 100 
19435 182 
7679 6223 3569 1205 785 100 
19435 182 
7679 6223 3569 1205 785 100 
19435 182 
7679 6223 3569 1205 785 100 
19435 182 
6386 5699 5480 2129 1257 386 
17781 1987 1094 568 
6386 5699 5480 2129 1257 386 
17781 1987 1094 568 
6386 5699 5480 2129 1257 386 
17781 1987 1094 568 
6386 5699 5480 2129 1257 386 
17781 1987 1094 568 
6386 5699 5480 2129 1257 386 
17781 1987 1094 568 
6386 5699 5480 2129 1257 386 
17781 1987 1094 568 
6386 5699 5480 2129 1257 386 
17781 1987 1094 568 
6386 5699 5480 2129 1257 386 
17781 1987 1094 568 
6386 5699 5480 2129 1257 386 
17781 1987 1094 568 
6386 5699 5480 2129 1257 386 
17781 1987 1094 568 
12985 2941 1128 568 
5509 5407 4026 1374 900 452 
12985 2941 1128 568 
5509 5407 4026 1374 900 452 
12985 2941 1128 568 
5509 5407 4026 1374 900 452 
12985 2941 1128 568 
5509 5407 4026 1374 900 452 
12985 2941 1128 568 
5509 5407 4026 1374 900 452 
12985 2941 1128 568 
5509 5407 4026 1374 900 452 
12985 2941 1128 568 
5509 5407 4026 1374 900 452 
12985 2941 1128 568 
5509 5407 4026 1374 900 452 
12985 2941 1128 568 
5509 5407 4026 1374 900 452 
12985 2941 1128 568 
5509 5407 4026 1374 900 452 
9619 5621 2147 1087 414 212 
10205 4311 2296 1204 972 104 
9619 5621 2147 1087 414 212 
10205 4311 2296 1204 972 104 
9619 5621 2147 1087 414 212 
10205 4311 2296 1204 972 104 
9619 5621 2147 1087 414 212 
10205 4311 2296 1204 972 104 
9619 5621 2147 1087 414 212 
10205 4311 2296 1204 972 104 
9619 5621 2147 1087 414 212 
10205 4311 2296 1204 972 104 
9619 5621 2147 1087 414 212 
10205 4311 2296 1204 972 104 
9619 5621 2147 1087 414 212 
10205 4311 2296 1204 972 104 
9619 5621 2147 1087 414 212 
10205 4311 2296 1204 972 104 
9619 5621 2147 1087 414 212 
10205 4311 2296 1204 972 104 
17619 5722 2513 995 451 
25348 1447 481 
17619 5722 2513 995 451 
25348 1447 481 
17619 5722 2513 995 451 
25348 1447 481 
17619 5722 2513 995 451 
25348 1447 481 
17619 5722 2513 995 451 
25348 1447 481 
17619 5722 2513 995 451 
25348 1447 481 
17619 5722 2513 995 451 
25348 1447 481 
17619 5722 2513 995 451 
25348 1447 481 
17619 5722 2513 995 451 
25348 1447 481 
17619 5722 2513 995 451 
25348 1447 481 
11991 3161 1481 579 347 
6093 5065 3318 2274 532 290 
11991 3161 1481 579 347 
6093 5065 3318 2274 532 290 
11991 3161 1481 579 347 
6093 5065 3318 2274 532 290 
11991 3161 1481 579 347 
6093 5065 3318 2274 532 290 
11991 3161 1481 579 347 
6093 5065 3318 2274 532 290 
11991 3161 1481 579 347 
6093 5065 3318 2274 532 290 
11991 3161 1481 579 347 
6093 5065 3318 2274 532 290 
11991 3161 1481 579 347 
6093 5065 3318 2274 532 290 
11991 3161 1481 579 347 
6093 5065 3318 2274 532 290 
11991 3161 1481 579 347 
6093 5065 3318 2274 532 290 
9367 7435 2396 1849 
8816 7449 2989 1772 
9367 7435 2396 1849 
8816 7449 2989 1772 
9367 7435 2396 1849 
8816 7449 2989 1772 
9367 7435 2396 1849 
8816 7449 2989 1772 
9367 7435 2396 1849 
8816 7449 2989 1772 
9367 7435 2396 1849 
8816 7449 2989 1772 
9367 7435 2396 1849 
8816 7449 2989 1772 
9367 7435 2396 1849 
8816 7449 2989 1772 
9367 7435 2396 1849 
8816 7449 2989 1772 
9367 7435 2396 1849 
8816 7449 2989 1772 
15761 5969 3682 2993 1961 801 794 
15761 5969 3682 2993 1961 801 794 
15761 5969 3682 2993 1961 801 794 
15761 5969 3682 2993 1961 801 794 
15761 5969 3682 2993 1961 801 794 
15761 5969 3682 2993 1961 801 794 
15761 5969 3682 2993 1961 801 794 
15761 5969 3682 2993 1961 801 794 
15761 5969 3682 2993 1961 801 794 
15761 5969 3682 2993 1961 801 794 
6490 3949 3267 1677 746 601 
5481 5016 3160 1712 1094 404 
6490 3949 3267 1677 746 601 
5481 5016 3160 1712 1094 404 
6490 3949 3267 1677 746 601 
5481 5016 3160 1712 1094 404 
6490 3949 3267 1677 746 601 
5481 5016 3160 1712 1094 404 
6490 3949 3267 1677 746 601 
5481 5016 3160 1712 1094 404 
6490 3949 3267 1677 746 601 
5481 5016 3160 1712 1094 404 
6490 3949 3267 1677 746 601 
5481 5016 3160 1712 1094 404 
6490 3949 3267 1677 746 601 
5481 5016 3160 1712 1094 404 
6490 3949 3267 1677 746 601 
5481 5016 3160 1712 1094 404 
6490 3949 3267 1677 746 601 
5481 5016 3160 1712 1094 404 
9525 5051 3408 1645 110 
8641 6655 2941 1593 
9525 5051 3408 1645 110 
8641 6655 2941 1593 
9525 5051 3408 1645 110 
8641 6655 2941 1593 
9525 5051 3408 1645 110 
8641 6655 2941 1593 
9525 5051 3408 1645 110 
8641 6655 2941 1593 
9525 5051 3408 1645 110 
8641 6655 2941 1593 
9525 5051 3408 1645 110 
8641 6655 2941 1593 
9525 5051 3408 1645 110 
8641 6655 2941 1593 
9525 5051 3408 1645 110 
8641 6655 2941 1593 
9525 5051 3408 1645 110 
8641 6655 2941 1593 
11155 3621 1872 726 
5915 5390 3599 1817 515 235 
11155 3621 1872 726 
5915 5390 3599 1817 515 235 
11155 3621 1872 726 
5915 5390 3599 1817 515 235 
11155 3621 1872 726 
5915 5390 3599 1817 515 235 
11155 3621 1872 726 
5915 5390 3599 1817 515 235 
11155 3621 1872 726 
5915 5390 3599 1817 515 235 
11155 3621 1872 726 
5915 5390 3599 1817 515 235 
11155 3621 1872 726 
5915 5390 3599 1817 515 235 
11155 3621 1872 726 
5915 5390 3599 1817 515 235 
11155 3621 1872 726 
5915 5390 3599 1817 515 235 
7703 4681 3189 1868 965 
11432 3790 2174 1101 
7703 4681 3189 1868 965 
11432 3790 2174 1101 
7703 4681 3189 1868 965 
11432 3790 2174 1101 
7703 4681 3189 1868 965 
11432 3790 2174 1101 
7703 4681 3189 1868 965 
11432 3790 2174 1101 
7703 4681 3189 1868 965 
11432 3790 2174 1101 
7703 4681 3189 1868 965 
11432 3790 2174 1101 
7703 4681 3189 1868 965 
11432 3790 2174 1101 
7703 4681 3189 1868 965 
11432 3790 2174 1101 
7703 4681 3189 1868 965 
11432 3790 2174 1101 
10483 2586 1631 656 249 
6564 3948 2524 1866 502 231 
10483 2586 1631 656 249 
6564 3948 2524 1866 502 231 
10483 2586 1631 656 249 
6564 3948 2524 1866 502 231 
10483 2586 1631 656 249 
6564 3948 2524 1866 502 231 
10483 2586 1631 656 249 
6564 3948 2524 1866 502 231 
10483 2586 1631 656 249 
6564 3948 2524 1866 502 231 
10483 2586 1631 656 249 
6564 3948 2524 1866 502 231 
10483 2586 1631 656 249 
6564 3948 2524 1866 502 231 
10483 2586 1631 656 249 
6564 3948 2524 1866 502 231 
10483 2586 1631 656 249 
6564 3948 2524 1866 502 231 
8735 5836 3443 1904 1054 
19103 1253 443 
8735 5836 3443 1904 1054 
19103 1253 443 
8735 5836 3443 1904 1054 
19103 1253 443 
8735 5836 3443 1904 1054 
19103 1253 443 
8735 5836 3443 1904 1054 
19103 1253 443 
8735 5836 3443 1904 1054 
19103 1253 443 
8735 5836 3443 1904 1054 
19103 1253 443 
8735 5836 3443 1904 1054 
19103 1253 443 
8735 5836 3443 1904 1054 
19103 1253 443 
8735 5836 3443 1904 1054 
19103 1253 443 
9199 7291 2447 1194 1034 
8410 7322 3128 1351 855 467 
9199 7291 2447 1194 1034 
8410 7322 3128 1351 855 467 
9199 7291 2447 1194 1034 
8410 7322 3128 1351 855 467 
9199 7291 2447 1194 1034 
8410 7322 3128 1351 855 467 
9199 7291 2447 1194 1034 
8410 7322 3128 1351 855 467 
9199 7291 2447 1194 1034 
8410 7322 3128 1351 855 467 
9199 7291 2447 1194 1034 
8410 7322 3128 1351 855 467 
9199 7291 2447 1194 1034 
8410 7322 3128 1351 855 467 
9199 7291 2447 1194 1034 
8410 7322 3128 1351 855 467 
9199 7291 2447 1194 1034 
8410 7322 3128 1351 855 467 
8650 6227 2867 929 687 
9814 5985 1933 957 627 
8650 6227 2867 929 687 
9814 5985 1933 957 627 
8650 6227 2867 929 687 
9814 5985 1933 957 627 
8650 6227 2867 929 687 
9814 5985 1933 957 627 
8650 6227 2867 929 687 
9814 5985 1933 957 627 
8650 6227 2867 929 687 
9814 5985 1933 957 627 
8650 6227 2867 929 687 
9814 5985 1933 957 627 
8650 6227 2867 929 687 
9814 5985 1933 957 627 
8650 6227 2867 929 687 
9814 5985 1933 957 627 
8650 6227 2867 929 687 
9814 5985 1933 957 627 
7857 6289 4482 2076 621 389 
7210 6891 5197 1852 545 
7857 6289 4482 2076 621 389 
7210 6891 5197 1852 545 
7857 6289 4482 2076 621 389 
7210 6891 5197 1852 545 
7857 6289 4482 2076 621 389 
7210 6891 5197 1852 545 
7857 6289 4482 2076 621 389 
7210 6891 5197 1852 545 
7857 6289 4482 2076 621 389 
7210 6891 5197 1852 545 
7857 6289 4482 2076 621 389 
7210 6891 5197 1852 545 
7857 6289 4482 2076 621 389 
7210 6891 5197 1852 545 
7857 6289 4482 2076 621 389 
7210 6891 5197 1852 545 
7857 6289 4482 2076 621 389 
7210 6891 5197 1852 545 
20269 4129 2648 1985 1360 680 
20269 4129 2648 1985 1360 680 
20269 4129 2648 1985 1360 680 
20269 4129 2648 1985 1360 680 
20269 4129 2648 1985 1360 680 
20269 4129 2648 1985 1360 680 
20269 4129 2648 1985 1360 680 
20269 4129 2648 1985 1360 680 
20269 4129 2648 1985 1360 680 
20269 4129 2648 1985 1360 680 
7471 7095 3526 1255 1115 
7725 6898 3130 1712 841 209 
7471 7095 3526 1255 1115 
7725 6898 3130 1712 841 209 
7471 7095 3526 1255 1115 
7725 6898 3130 1712 841 209 
7471 7095 3526 1255 1115 
7725 6898 3130 1712 841 209 
7471 7095 3526 1255 1115 
7725 6898 3130 1712 841 209 
7471 7095 3526 1255 1115 
7725 6898 3130 1712 841 209 
7471 7095 3526 1255 1115 
7725 6898 3130 1712 841 209 
7471 7095 3526 1255 1115 
7725 6898 3130 1712 841 209 
7471 7095 3526 1255 1115 
7725 6898 3130 1712 841 209 
7471 7095 3526 1255 1115 
7725 6898 3130 1712 841 209 
7952 5177 3316 1975 443 
6005 5346 3943 2410 1191 
7952 5177 3316 1975 443 
6005 5346 3943 2410 1191 
7952 5177 3316 1975 443 
6005 5346 3943 2410 1191 
7952 5177 3316 1975 443 
6005 5346 3943 2410 1191 
7952 5177 3316 1975 443 
6005 5346 3943 2410 1191 
7952 5177 3316 1975 443 
6005 5346 3943 2410 1191 
7952 5177 3316 1975 443 
6005 5346 3943 2410 1191 
7952 5177 3316 1975 443 
6005 5346 3943 2410 1191 
7952 5177 3316 1975 443 
6005 5346 3943 2410 1191 
7952 5177 3316 1975 443 
6005 5346 3943 2410 1191 
21354 1029 
9041 6641 4118 2009 625 
21354 1029 
9041 6641 4118 2009 625 
21354 1029 
9041 6641 4118 2009 625 
21354 1029 
9041 6641 4118 2009 625 
21354 1029 
9041 6641 4118 2009 625 
21354 1029 
9041 6641 4118 2009 625 
21354 1029 
9041 6641 4118 2009 625 
21354 1029 
9041 6641 4118 2009 625 
21354 1029 
9041 6641 4118 2009 625 
21354 1029 
9041 6641 4118 2009 625 
11126 2146 1184 663 
5716 4507 3165 1157 467 279 
11126 2146 1184 663 
5716 4507 3165 1157 467 279 
11126 2146 1184 663 
5716 4507 3165 1157 467 279 
11126 2146 1184 663 
5716 4507 3165 1157 467 279 
11126 2146 1184 663 
5716 4507 3165 1157 467 279 
11126 2146 1184 663 
5716 4507 3165 1157 467 279 
11126 2146 1184 663 
5716 4507 3165 1157 467 279 
11126 2146 1184 663 
5716 4507 3165 1157 467 279 
11126 2146 1184 663 
5716 4507 3165 1157 467 279 
11126 2146 1184 663 
5716 4507 3165 1157 467 279 
11705 4524 3496 1095 659 258 
22406 
11705 4524 3496 1095 659 258 
22406 
11705 4524 3496 1095 659 258 
22406 
11705 4524 3496 1095 659 258 
22406 
11705 4524 3496 1095 659 258 
22406 
11705 4524 3496 1095 659 258 
22406 
11705 4524 3496 1095 659 258 
22406 
11705 4524 3496 1095 659 258 
22406 
11705 4524 3496 1095 659 258 
22406 
11705 4524 3496 1095 659 258 
22406 
14365 4609 3384 1862 1251 743 399 61 
14365 4609 3384 1862 1251 743 399 61 
14365 4609 3384 1862 1251 743 399 61 
14365 4609 3384 1862 1251 743 399 61 
14365 4609 3384 1862 1251 743 399 61 
14365 4609 3384 1862 1251 743 399 61 
14365 4609 3384 1862 1251 743 399 61 
14365 4609 3384 1862 1251 743 399 61 
14365 4609 3384 1862 1251 743 399 61 
14365 4609 3384 1862 1251 743 399 61 
20877 1617 1002 
9335 7735 3638 2067 743 
20877 1617 1002 
9335 7735 3638 2067 743 
20877 1617 1002 
9335 7735 3638 2067 743 
20877 1617 1002 
9335 7735 3638 2067 743 
20877 1617 1002 
9335 7735 3638 2067 743 
20877 1617 1002 
9335 7735 3638 2067 743 
20877 1617 1002 
9335 7735 3638 2067 743 
20877 1617 1002 
9335 7735 3638 2067 743 
20877 1617 1002 
9335 7735 3638 2067 743 
20877 1617 1002 
9335 7735 3638 2067 743 
11136 6950 4030 3179 2276 1665 590 464 
11136 6950 4030 3179 2276 1665 590 464 
11136 6950 4030 3179 2276 1665 590 464 
11136 6950 4030 3179 2276 1665 590 464 
11136 6950 4030 3179 2276 1665 590 464 
11136 6950 4030 3179 2276 1665 590 464 
11136 6950 4030 3179 2276 1665 590 464 
11136 6950 4030 3179 2276 1665 590 464 
11136 6950 4030 3179 2276 1665 590 464 
11136 6950 4030 3179 2276 1665 590 464 
6742 4893 2115 1431 941 275 
12688 1652 1332 487 255 
6742 4893 2115 1431 941 275 
12688 1652 1332 487 255 
6742 4893 2115 1431 941 275 
12688 1652 1332 487 255 
6742 4893 2115 1431 941 275 
12688 1652 1332 487 255 
6742 4893 2115 1431 941 275 
12688 1652 1332 487 255 
6742 4893 2115 1431 941 275 
12688 1652 1332 487 255 
6742 4893 2115 1431 941 275 
12688 1652 1332 487 255 
6742 4893 2115 1431 941 275 
12688 1652 1332 487 255 
6742 4893 2115 1431 941 275 
12688 1652 1332 487 255 
6742 4893 2115 1431 941 275 
12688 1652 1332 487 255 
10212 5341 1612 578 261 
7980 6076 2611 1179 172 
10212 5341 1612 578 261 
7980 6076 2611 1179 172 
10212 5341 1612 578 261 
7980 6076 2611 1179 172 
10212 5341 1612 578 261 
7980 6076 2611 1179 172 
10212 5341 1612 578 261 
7980 6076 2611 1179 172 
10212 5341 1612 578 261 
7980 6076 2611 1179 172 
10212 5341 1612 578 261 
7980 6076 2611 1179 172 
10212 5341 1612 578 261 
7980 6076 2611 1179 172 
10212 5341 1612 578 261 
7980 6076 2611 1179 172 
10212 5341 1612 578 261 
7980 6076 2611 1179 172 
8431 3918 2458 1152 251 
12283 2473 1192 556 
8431 3918 2458 1152 251 
12283 2473 1192 556 
8431 3918 2458 1152 251 
12283 2473 1192 556 
8431 3918 2458 1152 251 
12283 2473 1192 556 
8431 3918 2458 1152 251 
12283 2473 1192 556 
8431 3918 2458 1152 251 
12283 2473 1192 556 
8431 3918 2458 1152 251 
12283 2473 1192 556 
8431 3918 2458 1152 251 
12283 2473 1192 556 
8431 3918 2458 1152 251 
12283 2473 1192 556 
8431 3918 2458 1152 251 
12283 2473 1192 556 
14679 4671 2786 2003 1439 841 301 
14679 4671 2786 2003 1439 841 301 
14679 4671 2786 2003 1439 841 301 
14679 4671 2786 2003 1439 841 301 
14679 4671 2786 2003 1439 841 301 
14679 4671 2786 2003 1439 841 301 
14679 4671 2786 2003 1439 841 301 
14679 4671 2786 2003 1439 841 301 
14679 4671 2786 2003 1439 841 301 
14679 4671 2786 2003 1439 841 301 
12482 3495 1580 1296 277 
7266 4767 3657 1770 1353 326 
12482 3495 1580 1296 277 
7266 4767 3657 1770 1353 326 
12482 3495 1580 1296 277 
7266 4767 3657 1770 1353 326 
12482 3495 1580 1296 277 
7266 4767 3657 1770 1353 326 
12482 3495 1580 1296 277 
7266 4767 3657 1770 1353 326 
12482 3495 1580 1296 277 
7266 4767 3657 1770 1353 326 
12482 3495 1580 1296 277 
7266 4767 3657 1770 1353 326 
12482 3495 1580 1296 277 
7266 4767 3657 1770 1353 326 
12482 3495 1580 1296 277 
7266 4767 3657 1770 1353 326 
12482 3495 1580 1296 277 
7266 4767 3657 1770 1353 326 
6507 3815 2563 1628 724 421 
8177 3043 2192 1330 594 278 
6507 3815 2563 1628 724 421 
8177 3043 2192 1330 594 278 
6507 3815 2563 1628 724 421 
8177 3043 2192 1330 594 278 
6507 3815 2563 1628 724 421 
8177 3043 2192 1330 594 278 
6507 3815 2563 1628 724 421 
8177 3043 2192 1330 594 278 
6507 3815 2563 1628 724 421 
8177 3043 2192 1330 594 278 
6507 3815 2563 1628 724 421 
8177 3043 2192 1330 594 278 
6507 3815 2563 1628 724 421 
8177 3043 2192 1330 594 278 
6507 3815 2563 1628 724 421 
8177 3043 2192 1330 594 278 
6507 3815 2563 1628 724 421 
8177 3043 2192 1330 594 278 
7072 6822 3236 2233 634 
19496 517 
7072 6822 3236 2233 634 
19496 517 
7072 6822 3236 2233 634 
19496 517 
7072 6822 3236 2233 634 
19496 517 
7072 6822 3236 2233 634 
19496 517 
7072 6822 3236 2233 634 
19496 517 
7072 6822 3236 2233 634 
19496 517 
7072 6822 3236 2233 634 
19496 517 
7072 6822 3236 2233 634 
19496 517 
7072 6822 3236 2233 634 
19496 517 
17845 3925 2692 2014 1517 1288 630 
17845 3925 2692 2014 1517 1288 630 
17845 3925 2692 2014 1517 1288 630 
17845 3925 2692 2014 1517 1288 630 
17845 3925 2692 2014 1517 1288 630 
17845 3925 2692 2014 1517 1288 630 
17845 3925 2692 2014 1517 1288 630 
17845 3925 2692 2014 1517 1288 630 
17845 3925 2692 2014 1517 1288 630 
17845 3925 2692 2014 1517 1288 630 
14335 3397 1134 529 
8207 6516 2739 1942 
14335 3397 1134 529 
8207 6516 2739 1942 
14335 3397 1134 529 
8207 6516 2739 1942 
14335 3397 1134 529 
8207 6516 2739 1942 
14335 3397 1134 529 
8207 6516 2739 1942 
14335 3397 1134 529 
8207 6516 2739 1942 
14335 3397 1134 529 
8207 6516 2739 1942 
14335 3397 1134 529 
8207 6516 2739 1942 
14335 3397 1134 529 
8207 6516 2739 1942 
14335 3397 1134 529 
8207 6516 2739 1942 
7090 3518 2591 1522 906 
7041 3741 2499 1494 716 325 
7090 3518 2591 1522 906 
7041 3741 2499 1494 716 325 
7090 3518 2591 1522 906 
7041 3741 2499 1494 716 325 
7090 3518 2591 1522 906 
7041 3741 2499 1494 716 325 
7090 3518 2591 1522 906 
7041 3741 2499 1494 716 325 
7090 3518 2591 1522 906 
7041 3741 2499 1494 716 325 
7090 3518 2591 1522 906 
7041 3741 2499 1494 716 325 
7090 3518 2591 1522 906 
7041 3741 2499 1494 716 325 
7090 3518 2591 1522 906 
7041 3741 2499 1494 716 325 
7090 3518 2591 1522 906 
7041 3741 2499 1494 716 325 
12386 5859 2307 242 
7582 7370 3387 2197 253 
12386 5859 2307 242 
7582 7370 3387 2197 253 
12386 5859 2307 242 
7582 7370 3387 2197 253 
12386 5859 2307 242 
7582 7370 3387 2197 253 
12386 5859 2307 242 
7582 7370 3387 2197 253 
12386 5859 2307 242 
7582 7370 3387 2197 253 
12386 5859 2307 242 
7582 7370 3387 2197 253 
12386 5859 2307 242 
7582 7370 3387 2197 253 
12386 5859 2307 242 
7582 7370 3387 2197 253 
12386 5859 2307 242 
7582 7370 3387 2197 253 
9526 5588 2437 2010 1428 989 439 282 
9526 5588 2437 2010 1428 989 439 282 
9526 5588 2437 2010 1428 989 439 282 
9526 5588 2437 2010 1428 989 439 282 
9526 5588 2437 2010 1428 989 439 282 
9526 5588 2437 2010 1428 989 439 282 
9526 5588 2437 2010 1428 989 439 282 
9526 5588 2437 2010 1428 989 439 282 
9526 5588 2437 2010 1428 989 439 282 
9526 5588 2437 2010 1428 989 439 282 
10617 7651 5663 4047 3227 1162 999 591 
10617 7651 5663 4047 3227 1162 999 591 
10617 7651 5663 4047 3227 1162 999 591 
10617 7651 5663 4047 3227 1162 999 591 
10617 7651 5663 4047 3227 1162 999 591 
10617 7651 5663 4047 3227 1162 999 591 
10617 7651 5663 4047 3227 1162 999 591 
10617 7651 5663 4047 3227 1162 999 591 
10617 7651 5663 4047 3227 1162 999 591 
10617 7651 5663 4047 3227 1162 999 591 
9936 6361 2564 1828 1492 1209 890 518 360 
9936 6361 2564 1828 1492 1209 890 518 360 
9936 6361 2564 1828 1492 1209 890 518 360 
9936 6361 2564 1828 1492 1209 890 518 360 
9936 6361 2564 1828 1492 1209 890 518 360 
9936 6361 2564 1828 1492 1209 890 518 360 
9936 6361 2564 1828 1492 1209 890 518 360 
9936 6361 2564 1828 1492 1209 890 518 360 
9936 6361 2564 1828 1492 1209 890 518 360 
9936 6361 2564 1828 1492 1209 890 518 360 
8111 5814 3119 1556 909 
7335 6949 2955 1537 865 
8111 5814 3119 1556 909 
7335 6949 2955 1537 865 
8111 5814 3119 1556 909 
7335 6949 2955 1537 865 
8111 5814 3119 1556 909 
7335 6949 2955 1537 865 
8111 5814 3119 1556 909 
7335 6949 2955 1537 865 
8111 5814 3119 1556 909 
7335 6949 2955 1537 865 
8111 5814 3119 1556 909 
7335 6949 2955 1537 865 
8111 5814 3119 1556 909 
7335 6949 2955 1537 865 
8111 5814 3119 1556 909 
7335 6949 2955 1537 865 
8111 5814 3119 1556 909 
7335 6949 2955 1537 865 
4769 4184 2558 1505 1235 444 
6535 3886 2090 1387 559 349 
4769 4184 2558 1505 1235 444 
6535 3886 2090 1387 559 349 
4769 4184 2558 1505 1235 444 
6535 3886 2090 1387 559 349 
4769 4184 2558 1505 1235 444 
6535 3886 2090 1387 559 349 
4769 4184 2558 1505 1235 444 
6535 3886 2090 1387 559 349 
4769 4184 2558 1505 1235 444 
6535 3886 2090 1387 559 349 
4769 4184 2558 1505 1235 444 
6535 3886 2090 1387 559 349 
4769 4184 2558 1505 1235 444 
6535 3886 2090 1387 559 349 
4769 4184 2558 1505 1235 444 
6535 3886 2090 1387 559 349 
4769 4184 2558 1505 1235 444 
6535 3886 2090 1387 559 349 
11705 5378 3225 1355 1132 
8439 7799 3639 1995 638 427 
11705 5378 3225 1355 1132 
8439 7799 3639 1995 638 427 
11705 5378 3225 1355 1132 
8439 7799 3639 1995 638 427 
11705 5378 3225 1355 1132 
8439 7799 3639 1995 638 427 
11705 5378 3225 1355 1132 
8439 7799 3639 1995 638 427 
11705 5378 3225 1355 1132 
8439 7799 3639 1995 638 427 
11705 5378 3225 1355 1132 
8439 7799 3639 1995 638 427 
11705 5378 3225 1355 1132 
8439 7799 3639 1995 638 427 
11705 5378 3225 1355 1132 
8439 7799 3639 1995 638 427 
11705 5378 3225 1355 1132 
8439 7799 3639 1995 638 427 
9301 3937 2674 1612 1102 292 
7685 4267 3435 2273 934 425 
9301 3937 2674 1612 1102 292 
7685 4267 3435 2273 934 425 
9301 3937 2674 1612 1102 292 
7685 4267 3435 2273 934 425 
9301 3937 2674 1612 1102 292 
7685 4267 3435 2273 934 425 
9301 3937 2674 1612 1102 292 
7685 4267 3435 2273 934 425 
9301 3937 2674 1612 1102 292 
7685 4267 3435 2273 934 425 
9301 3937 2674 1612 1102 292 
7685 4267 3435 2273 934 425 
9301 3937 2674 1612 1102 292 
7685 4267 3435 2273 934 425 
9301 3937 2674 1612 1102 292 
7685 4267 3435 2273 934 425 
9301 3937 2674 1612 1102 292 
7685 4267 3435 2273 934 425 
10074 9934 5185 3501 2180 1421 860 327 95 
10074 9934 5185 3501 2180 1421 860 327 95 
10074 9934 5185 3501 2180 1421 860 327 95 
10074 9934 5185 3501 2180 1421 860 327 95 
10074 9934 5185 3501 2180 1421 860 327 95 
10074 9934 5185 3501 2180 1421 860 327 95 
10074 9934 5185 3501 2180 1421 860 327 95 
10074 9934 5185 3501 2180 1421 860 327 95 
10074 9934 5185 3501 2180 1421 860 327 95 
10074 9934 5185 3501 2180 1421 860 327 95 
7325 5714 2162 1321 397 
6960 6075 2172 1151 563 
7325 5714 2162 1321 397 
6960 6075 2172 1151 563 
7325 5714 2162 1321 397 
6960 6075 2172 1151 563 
7325 5714 2162 1321 397 
6960 6075 2172 1151 563 
7325 5714 2162 1321 397 
6960 6075 2172 1151 563 
7325 5714 2162 1321 397 
6960 6075 2172 1151 563 
7325 5714 2162 1321 397 
6960 6075 2172 1151 563 
7325 5714 2162 1321 397 
6960 6075 2172 1151 563 
7325 5714 2162 1321 397 
6960 6075 2172 1151 563 
7325 5714 2162 1321 397 
6960 6075 2172 1151 563 
15081 2046 786 
6992 4823 3697 1712 613 
15081 2046 786 
6992 4823 3697 1712 613 
15081 2046 786 
6992 4823 3697 1712 613 
15081 2046 786 
6992 4823 3697 1712 613 
15081 2046 786 
6992 4823 3697 1712 613 
15081 2046 786 
6992 4823 3697 1712 613 
15081 2046 786 
6992 4823 3697 1712 613 
15081 2046 786 
6992 4823 3697 1712 613 
15081 2046 786 
6992 4823 3697 1712 613 
15081 2046 786 
6992 4823 3697 1712 613 
20584 1996 
8842 6232 4115 2612 507 
20584 1996 
8842 6232 4115 2612 507 
20584 1996 
8842 6232 4115 2612 507 
20584 1996 
8842 6232 4115 2612 507 
20584 1996 
8842 6232 4115 2612 507 
20584 1996 
8842 6232 4115 2612 507 
20584 1996 
8842 6232 4115 2612 507 
20584 1996 
8842 6232 4115 2612 507 
20584 1996 
8842 6232 4115 2612 507 
20584 1996 
8842 6232 4115 2612 507 
9240 5526 3654 686 167 
9629 5198 3499 801 131 
9240 5526 3654 686 167 
9629 5198 3499 801 131 
9240 5526 3654 686 167 
9629 5198 3499 801 131 
9240 5526 3654 686 167 
9629 5198 3499 801 131 
9240 5526 3654 686 167 
9629 5198 3499 801 131 
9240 5526 3654 686 167 
9629 5198 3499 801 131 
9240 5526 3654 686 167 
9629 5198 3499 801 131 
9240 5526 3654 686 167 
9629 5198 3499 801 131 
9240 5526 3654 686 167 
9629 5198 3499 801 131 
9240 5526 3654 686 167 
9629 5198 3499 801 131 
7458 4582 3163 1792 1089 414 
9558 4143 2482 1441 934 
7458 4582 3163 1792 1089 414 
9558 4143 2482 1441 934 
7458 4582 3163 1792 1089 414 
9558 4143 2482 1441 934 
7458 4582 3163 1792 1089 414 
9558 4143 2482 1441 934 
7458 4582 3163 1792 1089 414 
9558 4143 2482 1441 934 
7458 4582 3163 1792 1089 414 
9558 4143 2482 1441 934 
7458 4582 3163 1792 1089 414 
9558 4143 2482 1441 934 
7458 4582 3163 1792 1089 414 
9558 4143 2482 1441 934 
7458 4582 3163 1792 1089 414 
9558 4143 2482 1441 934 
7458 4582 3163 1792 1089 414 
9558 4143 2482 1441 934 
13704 4238 2709 1741 1588 1022 609 
13704 4238 2709 1741 1588 1022 609 
13704 4238 2709 1741 1588 1022 609 
13704 4238 2709 1741 1588 1022 609 
13704 4238 2709 1741 1588 1022 609 
13704 4238 2709 1741 1588 1022 609 
13704 4238 2709 1741 1588 1022 609 
13704 4238 2709 1741 1588 1022 609 
13704 4238 2709 1741 1588 1022 609 
13704 4238 2709 1741 1588 1022 609 
25371 2208 1242 1136 516 261 122 
25371 2208 1242 1136 516 261 122 
25371 2208 1242 1136 516 261 122 
25371 2208 1242 1136 516 261 122 
25371 2208 1242 1136 516 261 122 
25371 2208 1242 1136 516 261 122 
25371 2208 1242 1136 516 261 122 
25371 2208 1242 1136 516 261 122 
25371 2208 1242 1136 516 261 122 
25371 2208 1242 1136 516 261 122 
5429 5393 4700 3195 1387 
11040 4616 3082 1224 
5429 5393 4700 3195 1387 
11040 4616 3082 1224 
5429 5393 4700 3195 1387 
11040 4616 3082 1224 
5429 5393 4700 3195 1387 
11040 4616 3082 1224 
5429 5393 4700 3195 1387 
11040 4616 3082 1224 
5429 5393 4700 3195 1387 
11040 4616 3082 1224 
5429 5393 4700 3195 1387 
11040 4616 3082 1224 
5429 5393 4700 3195 1387 
11040 4616 3082 1224 
5429 5393 4700 3195 1387 
11040 4616 3082 1224 
5429 5393 4700 3195 1387 
11040 4616 3082 1224 
13871 2276 1162 472 
18099 
13871 2276 1162 472 
18099 
13871 2276 1162 472 
18099 
13871 2276 1162 472 
18099 
13871 2276 1162 472 
18099 
13871 2276 1162 472 
18099 
13871 2276 1162 472 
18099 
13871 2276 1162 472 
18099 
13871 2276 1162 472 
18099 
13871 2276 1162 472 
18099 
13175 2097 1330 384 
8018 4462 2262 1858 485 
13175 2097 1330 384 
8018 4462 2262 1858 485 
13175 2097 1330 384 
8018 4462 2262 1858 485 
13175 2097 1330 384 
8018 4462 2262 1858 485 
13175 2097 1330 384 
8018 4462 2262 1858 485 
13175 2097 1330 384 
8018 4462 2262 1858 485 
13175 2097 1330 384 
8018 4462 2262 1858 485 
13175 2097 1330 384 
8018 4462 2262 1858 485 
13175 2097 1330 384 
8018 4462 2262 1858 485 
13175 2097 1330 384 
8018 4462 2262 1858 485 
16233 1054 288 
6452 4980 3747 1351 1007 
16233 1054 288 
6452 4980 3747 1351 1007 
16233 1054 288 
6452 4980 3747 1351 1007 
16233 1054 288 
6452 4980 3747 1351 1007 
16233 1054 288 
6452 4980 3747 1351 1007 
16233 1054 288 
6452 4980 3747 1351 1007 
16233 1054 288 
6452 4980 3747 1351 1007 
16233 1054 288 
6452 4980 3747 1351 1007 
16233 1054 288 
6452 4980 3747 1351 1007 
16233 1054 288 
6452 4980 3747 1351 1007 
17965 4435 2928 2174 1929 659 484 
17965 4435 2928 2174 1929 659 484 
17965 4435 2928 2174 1929 659 484 
17965 4435 2928 2174 1929 659 484 
17965 4435 2928 2174 1929 659 484 
17965 4435 2928 2174 1929 659 484 
17965 4435 2928 2174 1929 659 484 
17965 4435 2928 2174 1929 659 484 
17965 4435 2928 2174 1929 659 484 
17965 4435 2928 2174 1929 659 484 
10744 5355 4164 1584 1207 
9871 6370 3682 2968 
10744 5355 4164 1584 1207 
9871 6370 3682 2968 
10744 5355 4164 1584 1207 
9871 6370 3682 2968 
10744 5355 4164 1584 1207 
9871 6370 3682 2968 
10744 5355 4164 1584 1207 
9871 6370 3682 2968 
10744 5355 4164 1584 1207 
9871 6370 3682 2968 
10744 5355 4164 1584 1207 
9871 6370 3682 2968 
10744 5355 4164 1584 1207 
9871 6370 3682 2968 
10744 5355 4164 1584 1207 
9871 6370 3682 2968 
10744 5355 4164 1584 1207 
9871 6370 3682 2968 
6203 5358 2556 1953 639 394 
5687 5642 2817 1920 640 396 
6203 5358 2556 1953 639 394 
5687 5642 2817 1920 640 396 
6203 5358 2556 1953 639 394 
5687 5642 2817 1920 640 396 
6203 5358 2556 1953 639 394 
5687 5642 2817 1920 640 396 
6203 5358 2556 1953 639 394 
5687 5642 2817 1920 640 396 
6203 5358 2556 1953 639 394 
5687 5642 2817 1920 640 396 
6203 5358 2556 1953 639 394 
5687 5642 2817 1920 640 396 
6203 5358 2556 1953 639 394 
5687 5642 2817 1920 640 396 
6203 5358 2556 1953 639 394 
5687 5642 2817 1920 640 396 
6203 5358 2556 1953 639 394 
5687 5642 2817 1920 640 396 
22224 4059 2653 1945 1324 811 339 
22224 4059 2653 1945 1324 811 339 
22224 4059 2653 1945 1324 811 339 
22224 4059 2653 1945 1324 811 339 
22224 4059 2653 1945 1324 811 339 
22224 4059 2653 1945 1324 811 339 
22224 4059 2653 1945 1324 811 339 
22224 4059 2653 1945 1324 811 339 
22224 4059 2653 1945 1324 811 339 
22224 4059 2653 1945 1324 811 339 
8768 5768 2308 1612 363 
7332 6546 2859 1960 194 
8768 5768 2308 1612 363 
7332 6546 2859 1960 194 
8768 5768 2308 1612 363 
7332 6546 2859 1960 194 
8768 5768 2308 1612 363 
7332 6546 2859 1960 194 
8768 5768 2308 1612 363 
7332 6546 2859 1960 194 
8768 5768 2308 1612 363 
7332 6546 2859 1960 194 
8768 5768 2308 1612 363 
7332 6546 2859 1960 194 
8768 5768 2308 1612 363 
7332 6546 2859 1960 194 
8768 5768 2308 1612 363 
7332 6546 2859 1960 194 
8768 5768 2308 1612 363 
7332 6546 2859 1960 194 
14624 3662 2537 651 
13477 4354 2624 899 
14624 3662 2537 651 
13477 4354 2624 899 
14624 3662 2537 651 
13477 4354 2624 899 
14624 3662 2537 651 
13477 4354 2624 899 
14624 3662 2537 651 
13477 4354 2624 899 
14624 3662 2537 651 
13477 4354 2624 899 
14624 3662 2537 651 
13477 4354 2624 899 
14624 3662 2537 651 
13477 4354 2624 899 
14624 3662 2537 651 
13477 4354 2624 899 
14624 3662 2537 651 
13477 4354 2624 899 
12785 5124 1946 385 350 124 
9495 5981 3854 1313 
12785 5124 1946 385 350 124 
9495 5981 3854 1313 
12785 5124 1946 385 350 124 
9495 5981 3854 1313 
12785 5124 1946 385 350 124 
9495 5981 3854 1313 
12785 5124 1946 385 350 124 
9495 5981 3854 1313 
12785 5124 1946 385 350 124 
9495 5981 3854 1313 
12785 5124 1946 385 350 124 
9495 5981 3854 1313 
12785 5124 1946 385 350 124 
9495 5981 3854 1313 
12785 5124 1946 385 350 124 
9495 5981 3854 1313 
12785 5124 1946 385 350 124 
9495 5981 3854 1313 
13919 3952 2400 1221 
14735 3273 2337 1205 
13919 3952 2400 1221 
14735 3273 2337 1205 
13919 3952 2400 1221 
14735 3273 2337 1205 
13919 3952 2400 1221 
14735 3273 2337 1205 
13919 3952 2400 1221 
14735 3273 2337 1205 
13919 3952 2400 1221 
14735 3273 2337 1205 
13919 3952 2400 1221 
14735 3273 2337 1205 
13919 3952 2400 1221 
14735 3273 2337 1205 
13919 3952 2400 1221 
14735 3273 2337 1205 
13919 3952 2400 1221 
14735 3273 2337 1205 
11529 5350 4178 2609 1386 
7846 6065 5083 3426 1929 448 
11529 5350 4178 2609 1386 
7846 6065 5083 3426 1929 448 
11529 5350 4178 2609 1386 
7846 6065 5083 3426 1929 448 
11529 5350 4178 2609 1386 
7846 6065 5083 3426 1929 448 
11529 5350 4178 2609 1386 
7846 6065 5083 3426 1929 448 
11529 5350 4178 2609 1386 
7846 6065 5083 3426 1929 448 
11529 5350 4178 2609 1386 
7846 6065 5083 3426 1929 448 
11529 5350 4178 2609 1386 
7846 6065 5083 3426 1929 448 
11529 5350 4178 2609 1386 
7846 6065 5083 3426 1929 448 
11529 5350 4178 2609 1386 
7846 6065 5083 3426 1929 448 
12136 2342 1444 469 
4875 4219 3388 2260 1161 490 
12136 2342 1444 469 
4875 4219 3388 2260 1161 490 
12136 2342 1444 469 
4875 4219 3388 2260 1161 490 
12136 2342 1444 469 
4875 4219 3388 2260 1161 490 
12136 2342 1444 469 
4875 4219 3388 2260 1161 490 
12136 2342 1444 469 
4875 4219 3388 2260 1161 490 
12136 2342 1444 469 
4875 4219 3388 2260 1161 490 
12136 2342 1444 469 
4875 4219 3388 2260 1161 490 
12136 2342 1444 469 
4875 4219 3388 2260 1161 490 
12136 2342 1444 469 
4875 4219 3388 2260 1161 490 
8058 4939 4202 2507 2137 1445 1129 958 584 
8058 4939 4202 2507 2137 1445 1129 958 584 
8058 4939 4202 2507 2137 1445 1129 958 584 
8058 4939 4202 2507 2137 1445 1129 958 584 
8058 4939 4202 2507 2137 1445 1129 958 584 
8058 4939 4202 2507 2137 1445 1129 958 584 
8058 4939 4202 2507 2137 1445 1129 958 584 
8058 4939 4202 2507 2137 1445 1129 958 584 
8058 4939 4202 2507 2137 1445 1129 958 584 
8058 4939 4202 2507 2137 1445 1129 958 584 
10197 2218 1499 1229 289 
15077 392 
10197 2218 1499 1229 289 
15077 392 
10197 2218 1499 1229 289 
15077 392 
10197 2218 1499 1229 289 
15077 392 
10197 2218 1499 1229 289 
15077 392 
10197 2218 1499 1229 289 
15077 392 
10197 2218 1499 1229 289 
15077 392 
10197 2218 1499 1229 289 
15077 392 
10197 2218 1499 1229 289 
15077 392 
10197 2218 1499 1229 289 
15077 392 
8901 4010 3051 2486 
16767 1405 295 
8901 4010 3051 2486 
16767 1405 295 
8901 4010 3051 2486 
16767 1405 295 
8901 4010 3051 2486 
16767 1405 295 
8901 4010 3051 2486 
16767 1405 295 
8901 4010 3051 2486 
16767 1405 295 
8901 4010 3051 2486 
16767 1405 295 
8901 4010 3051 2486 
16767 1405 295 
8901 4010 3051 2486 
16767 1405 295 
8901 4010 3051 2486 
16767 1405 295 
10722 6458 4191 2774 2349 1644 1078 934 
10722 6458 4191 2774 2349 1644 1078 934 
10722 6458 4191 2774 2349 1644 1078 934 
10722 6458 4191 2774 2349 1644 1078 934 
10722 6458 4191 2774 2349 1644 1078 934 
10722 6458 4191 2774 2349 1644 1078 934 
10722 6458 4191 2774 2349 1644 1078 934 
10722 6458 4191 2774 2349 1644 1078 934 
10722 6458 4191 2774 2349 1644 1078 934 
10722 6458 4191 2774 2349 1644 1078 934 
10414 7505 3226 2212 1788 1126 717 592 68 
10414 7505 3226 2212 1788 1126 717 592 68 
10414 7505 3226 2212 1788 1126 717 592 68 
10414 7505 3226 2212 1788 1126 717 592 68 
10414 7505 3226 2212 1788 1126 717 592 68 
10414 7505 3226 2212 1788 1126 717 592 68 
10414 7505 3226 2212 1788 1126 717 592 68 
10414 7505 3226 2212 1788 1126 717 592 68 
10414 7505 3226 2212 1788 1126 717 592 68 
10414 7505 3226 2212 1788 1126 717 592 68 
14266 6393 3482 2008 1678 1167 526 251 
14266 6393 3482 2008 1678 1167 526 251 
14266 6393 3482 2008 1678 1167 526 251 
14266 6393 3482 2008 1678 1167 526 251 
14266 6393 3482 2008 1678 1167 526 251 
14266 6393 3482 2008 1678 1167 526 251 
14266 6393 3482 2008 1678 1167 526 251 
14266 6393 3482 2008 1678 1167 526 251 
14266 6393 3482 2008 1678 1167 526 251 
14266 6393 3482 2008 1678 1167 526 251 
7772 3754 2287 1432 840 576 179 
7772 3754 2287 1432 840 576 179 
7772 3754 2287 1432 840 576 179 
7772 3754 2287 1432 840 576 179 
7772 3754 2287 1432 840 576 179 
7772 3754 2287 1432 840 576 179 
7772 3754 2287 1432 840 576 179 
7772 3754 2287 1432 840 576 179 
7772 3754 2287 1432 840 576 179 
7772 3754 2287 1432 840 576 179 
19898 4208 3189 2287 1454 719 402 
19898 4208 3189 2287 1454 719 402 
19898 4208 3189 2287 1454 719 402 
19898 4208 3189 2287 1454 719 402 
19898 4208 3189 2287 1454 719 402 
19898 4208 3189 2287 1454 719 402 
19898 4208 3189 2287 1454 719 402 
19898 4208 3189 2287 1454 719 402 
19898 4208 3189 2287 1454 719 402 
19898 4208 3189 2287 1454 719 402 
17844 1309 512 269 
21399 
17844 1309 512 269 
21399 
17844 1309 512 269 
21399 
17844 1309 512 269 
21399 
17844 1309 512 269 
21399 
17844 1309 512 269 
21399 
17844 1309 512 269 
21399 
17844 1309 512 269 
21399 
17844 1309 512 269 
21399 
17844 1309 512 269 
21399 
10994 4704 2025 950 186 178 
19266 
10994 4704 2025 950 186 178 
19266 
10994 4704 2025 950 186 178 
19266 
10994 4704 2025 950 186 178 
19266 
10994 4704 2025 950 186 178 
19266 
10994 4704 2025 950 186 178 
19266 
10994 4704 2025 950 186 178 
19266 
10994 4704 2025 950 186 178 
19266 
10994 4704 2025 950 186 178 
19266 
10994 4704 2025 950 186 178 
19266 
12719 4302 1750 715 
10213 5182 2252 1427 402 
12719 4302 1750 715 
10213 5182 2252 1427 402 
12719 4302 1750 715 
10213 5182 2252 1427 402 
12719 4302 1750 715 
10213 5182 2252 1427 402 
12719 4302 1750 715 
10213 5182 2252 1427 402 
12719 4302 1750 715 
10213 5182 2252 1427 402 
12719 4302 1750 715 
10213 5182 2252 1427 402 
12719 4302 1750 715 
10213 5182 2252 1427 402 
12719 4302 1750 715 
10213 5182 2252 1427 402 
12719 4302 1750 715 
10213 5182 2252 1427 402 
7759 7028 3353 2510 2341 1161 1128 427 174 
7759 7028 3353 2510 2341 1161 1128 427 174 
7759 7028 3353 2510 2341 1161 1128 427 174 
7759 7028 3353 2510 2341 1161 1128 427 174 
7759 7028 3353 2510 2341 1161 1128 427 174 
7759 7028 3353 2510 2341 1161 1128 427 174 
7759 7028 3353 2510 2341 1161 1128 427 174 
7759 7028 3353 2510 2341 1161 1128 427 174 
7759 7028 3353 2510 2341 1161 1128 427 174 
7759 7028 3353 2510 2341 1161 1128 427 174 
9706 4690 3213 636 194 173 
9387 4727 3685 432 202 180 
9706 4690 3213 636 194 173 
9387 4727 3685 432 202 180 
9706 4690 3213 636 194 173 
9387 4727 3685 432 202 180 
9706 4690 3213 636 194 173 
9387 4727 3685 432 202 180 
9706 4690 3213 636 194 173 
9387 4727 3685 432 202 180 
9706 4690 3213 636 194 173 
9387 4727 3685 432 202 180 
9706 4690 3213 636 194 173 
9387 4727 3685 432 202 180 
9706 4690 3213 636 194 173 
9387 4727 3685 432 202 180 
9706 4690 3213 636 194 173 
9387 4727 3685 432 202 180 
9706 4690 3213 636 194 173 
9387 4727 3685 432 202 180 
13985 5476 3021 1783 1484 1186 881 378 
13985 5476 3021 1783 1484 1186 881 378 
13985 5476 3021 1783 1484 1186 881 378 
13985 5476 3021 1783 1484 1186 881 378 
13985 5476 3021 1783 1484 1186 881 378 
13985 5476 3021 1783 1484 1186 881 378 
13985 5476 3021 1783 1484 1186 881 378 
13985 5476 3021 1783 1484 1186 881 378 
13985 5476 3021 1783 1484 1186 881 378 
13985 5476 3021 1783 1484 1186 881 378 
13912 4909 3560 2236 1583 1139 876 568 
13912 4909 3560 2236 1583 1139 876 568 
13912 4909 3560 2236 1583 1139 876 568 
13912 4909 3560 2236 1583 1139 876 568 
13912 4909 3560 2236 1583 1139 876 568 
13912 4909 3560 2236 1583 1139 876 568 
13912 4909 3560 2236 1583 1139 876 568 
13912 4909 3560 2236 1583 1139 876 568 
13912 4909 3560 2236 1583 1139 876 568 
13912 4909 3560 2236 1583 1139 876 568 
15277 3283 2510 1435 1026 341 182 
15277 3283 2510 1435 1026 341 182 
15277 3283 2510 1435 1026 341 182 
15277 3283 2510 1435 1026 341 182 
15277 3283 2510 1435 1026 341 182 
15277 3283 2510 1435 1026 341 182 
15277 3283 2510 1435 1026 341 182 
15277 3283 2510 1435 1026 341 182 
15277 3283 2510 1435 1026 341 182 
15277 3283 2510 1435 1026 341 182 
8576 6672 4445 1715 1151 901 184 
8576 6672 4445 1715 1151 901 184 
8576 6672 4445 1715 1151 901 184 
8576 6672 4445 1715 1151 901 184 
8576 6672 4445 1715 1151 901 184 
8576 6672 4445 1715 1151 901 184 
8576 6672 4445 1715 1151 901 184 
8576 6672 4445 1715 1151 901 184 
8576 6672 4445 1715 1151 901 184 
8576 6672 4445 1715 1151 901 184 
6018 4847 2144 1920 1192 484 
6333 4094 3218 1457 851 685 
6018 4847 2144 1920 1192 484 
6333 4094 3218 1457 851 685 
6018 4847 2144 1920 1192 484 
6333 4094 3218 1457 851 685 
6018 4847 2144 1920 1192 484 
6333 4094 3218 1457 851 685 
6018 4847 2144 1920 1192 484 
6333 4094 3218 1457 851 685 
6018 4847 2144 1920 1192 484 
6333 4094 3218 1457 851 685 
6018 4847 2144 1920 1192 484 
6333 4094 3218 1457 851 685 
6018 4847 2144 1920 1192 484 
6333 4094 3218 1457 851 685 
6018 4847 2144 1920 1192 484 
6333 4094 3218 1457 851 685 
6018 4847 2144 1920 1192 484 
6333 4094 3218 1457 851 685 
8950 5384 2495 1545 290 
11093 3500 2329 1143 646 
8950 5384 2495 1545 290 
11093 3500 2329 1143 646 
8950 5384 2495 1545 290 
11093 3500 2329 1143 646 
8950 5384 2495 1545 290 
11093 3500 2329 1143 646 
8950 5384 2495 1545 290 
11093 3500 2329 1143 646 
8950 5384 2495 1545 290 
11093 3500 2329 1143 646 
8950 5384 2495 1545 290 
11093 3500 2329 1143 646 
8950 5384 2495 1545 290 
11093 3500 2329 1143 646 
8950 5384 2495 1545 290 
11093 3500 2329 1143 646 
8950 5384 2495 1545 290 
11093 3500 2329 1143 646 
29997 360 207 195 
29997 360 207 195 
29997 360 207 195 
29997 360 207 195 
29997 360 207 195 
29997 360 207 195 
29997 360 207 195 
29997 360 207 195 
29997 360 207 195 
29997 360 207 195 
15275 3381 1481 
9180 6212 3276 1454 
15275 3381 1481 
9180 6212 3276 1454 
15275 3381 1481 
9180 6212 3276 1454 
15275 3381 1481 
9180 6212 3276 1454 
15275 3381 1481 
9180 6212 3276 1454 
15275 3381 1481 
9180 6212 3276 1454 
15275 3381 1481 
9180 6212 3276 1454 
15275 3381 1481 
9180 6212 3276 1454 
15275 3381 1481 
9180 6212 3276 1454 
15275 3381 1481 
9180 6212 3276 1454 
15727 4356 3031 2179 1692 712 405 204 186 
15727 4356 3031 2179 1692 712 405 204 186 
15727 4356 3031 2179 1692 712 405 204 186 
15727 4356 3031 2179 1692 712 405 204 186 
15727 4356 3031 2179 1692 712 405 204 186 
15727 4356 3031 2179 1692 712 405 204 186 
15727 4356 3031 2179 1692 712 405 204 186 
15727 4356 3031 2179 1692 712 405 204 186 
15727 4356 3031 2179 1692 712 405 204 186 
15727 4356 3031 2179 1692 712 405 204 186 
5335 4741 2836 2297 1316 1182 329 206 183 
5335 4741 2836 2297 1316 1182 329 206 183 
5335 4741 2836 2297 1316 1182 329 206 183 
5335 4741 2836 2297 1316 1182 329 206 183 
5335 4741 2836 2297 1316 1182 329 206 183 
5335 4741 2836 2297 1316 1182 329 206 183 
5335 4741 2836 2297 1316 1182 329 206 183 
5335 4741 2836 2297 1316 1182 329 206 183 
5335 4741 2836 2297 1316 1182 329 206 183 
5335 4741 2836 2297 1316 1182 329 206 183 
17236 1605 420 307 213 185 179 170 
17236 1605 420 307 213 185 179 170 
17236 1605 420 307 213 185 179 170 
17236 1605 420 307 213 185 179 170 
17236 1605 420 307 213 185 179 170 
17236 1605 420 307 213 185 179 170 
17236 1605 420 307 213 185 179 170 
17236 1605 420 307 213 185 179 170 
17236 1605 420 307 213 185 179 170 
17236 1605 420 307 213 185 179 170 
10085 4143 2767 764 
5965 5574 3480 2007 626 
10085 4143 2767 764 
5965 5574 3480 2007 626 
10085 4143 2767 764 
5965 5574 3480 2007 626 
10085 4143 2767 764 
5965 5574 3480 2007 626 
10085 4143 2767 764 
5965 5574 3480 2007 626 
10085 4143 2767 764 
5965 5574 3480 2007 626 
10085 4143 2767 764 
5965 5574 3480 2007 626 
10085 4143 2767 764 
5965 5574 3480 2007 626 
10085 4143 2767 764 
5965 5574 3480 2007 626 
10085 4143 2767 764 
5965 5574 3480 2007 626 
8985 7953 4920 4127 3220 1646 870 846 194 185 
8985 7953 4920 4127 3220 1646 870 846 194 185 
8985 7953 4920 4127 3220 1646 870 846 194 185 
8985 7953 4920 4127 3220 1646 870 846 194 185 
8985 7953 4920 4127 3220 1646 870 846 194 185 
8985 7953 4920 4127 3220 1646 870 846 194 185 
8985 7953 4920 4127 3220 1646 870 846 194 185 
8985 7953 4920 4127 3220 1646 870 846 194 185 
8985 7953 4920 4127 3220 1646 870 846 194 185 
8985 7953 4920 4127 3220 1646 870 846 194 185 
18889 3926 1890 494 
24667 531 
18889 3926 1890 494 
24667 531 
18889 3926 1890 494 
24667 531 
18889 3926 1890 494 
24667 531 
18889 3926 1890 494 
24667 531 
18889 3926 1890 494 
24667 531 
18889 3926 1890 494 
24667 531 
18889 3926 1890 494 
24667 531 
18889 3926 1890 494 
24667 531 
18889 3926 1890 494 
24667 531 
9408 6584 5143 2225 1371 818 736 196 195 173 
9408 6584 5143 2225 1371 818 736 196 195 173 
9408 6584 5143 2225 1371 818 736 196 195 173 
9408 6584 5143 2225 1371 818 736 196 195 173 
9408 6584 5143 2225 1371 818 736 196 195 173 
9408 6584 5143 2225 1371 818 736 196 195 173 
9408 6584 5143 2225 1371 818 736 196 195 173 
9408 6584 5143 2225 1371 818 736 196 195 173 
9408 6584 5143 2225 1371 818 736 196 195 173 
9408 6584 5143 2225 1371 818 736 196 195 173 
6686 5327 2190 1298 666 
6900 4415 2869 1368 647 
6686 5327 2190 1298 666 
6900 4415 2869 1368 647 
6686 5327 2190 1298 666 
6900 4415 2869 1368 647 
6686 5327 2190 1298 666 
6900 4415 2869 1368 647 
6686 5327 2190 1298 666 
6900 4415 2869 1368 647 
6686 5327 2190 1298 666 
6900 4415 2869 1368 647 
6686 5327 2190 1298 666 
6900 4415 2869 1368 647 
6686 5327 2190 1298 666 
6900 4415 2869 1368 647 
6686 5327 2190 1298 666 
6900 4415 2869 1368 647 
6686 5327 2190 1298 666 
6900 4415 2869 1368 647 
9110 4756 2428 1387 652 
6900 6480 2946 1385 355 195 166 
9110 4756 2428 1387 652 
6900 6480 2946 1385 355 195 166 
9110 4756 2428 1387 652 
6900 6480 2946 1385 355 195 166 
9110 4756 2428 1387 652 
6900 6480 2946 1385 355 195 166 
9110 4756 2428 1387 652 
6900 6480 2946 1385 355 195 166 
9110 4756 2428 1387 652 
6900 6480 2946 1385 355 195 166 
9110 4756 2428 1387 652 
6900 6480 2946 1385 355 195 166 
9110 4756 2428 1387 652 
6900 6480 2946 1385 355 195 166 
9110 4756 2428 1387 652 
6900 6480 2946 1385 355 195 166 
9110 4756 2428 1387 652 
6900 6480 2946 1385 355 195 166 
9582 4753 2788 1101 322 
16496 1233 846 
9582 4753 2788 1101 322 
16496 1233 846 
9582 4753 2788 1101 322 
16496 1233 846 
9582 4753 2788 1101 322 
16496 1233 846 
9582 4753 2788 1101 322 
16496 1233 846 
9582 4753 2788 1101 322 
16496 1233 846 
9582 4753 2788 1101 322 
16496 1233 846 
9582 4753 2788 1101 322 
16496 1233 846 
9582 4753 2788 1101 322 
16496 1233 846 
9582 4753 2788 1101 322 
16496 1233 846 
7371 7145 4015 2193 1574 1338 445 356 217 197 183 
7371 7145 4015 2193 1574 1338 445 356 217 197 183 
7371 7145 4015 2193 1574 1338 445 356 217 197 183 
7371 7145 4015 2193 1574 1338 445 356 217 197 183 
7371 7145 4015 2193 1574 1338 445 356 217 197 183 
7371 7145 4015 2193 1574 1338 445 356 217 197 183 
7371 7145 4015 2193 1574 1338 445 356 217 197 183 
7371 7145 4015 2193 1574 1338 445 356 217 197 183 
7371 7145 4015 2193 1574 1338 445 356 217 197 183 
7371 7145 4015 2193 1574 1338 445 356 217 197 183 
19577 2403 1627 1110 571 159 
19577 2403 1627 1110 571 159 
19577 2403 1627 1110 571 159 
19577 2403 1627 1110 571 159 
19577 2403 1627 1110 571 159 
19577 2403 1627 1110 571 159 
19577 2403 1627 1110 571 159 
19577 2403 1627 1110 571 159 
19577 2403 1627 1110 571 159 
19577 2403 1627 1110 571 159 
12744 1043 553 289 
16790 
12744 1043 553 289 
16790 
