25314 
7980 2730 1554 1127 854 326 79 
25314 
7980 2730 1554 1127 854 326 79 
25314 
7980 2730 1554 1127 854 326 79 
25314 
7980 2730 1554 1127 854 326 79 
25314 
7980 2730 1554 1127 854 326 79 
25314 
7980 2730 1554 1127 854 326 79 
25314 
7980 2730 1554 1127 854 326 79 
25314 
7980 2730 1554 1127 854 326 79 
25314 
7980 2730 1554 1127 854 326 79 
25314 
7980 2730 1554 1127 854 326 79 
7499 5880 4775 2930 2095 1149 552 369 37 
7499 5880 4775 2930 2095 1149 552 369 37 
7499 5880 4775 2930 2095 1149 552 369 37 
7499 5880 4775 2930 2095 1149 552 369 37 
7499 5880 4775 2930 2095 1149 552 369 37 
7499 5880 4775 2930 2095 1149 552 369 37 
7499 5880 4775 2930 2095 1149 552 369 37 
7499 5880 4775 2930 2095 1149 552 369 37 
7499 5880 4775 2930 2095 1149 552 369 37 
7499 5880 4775 2930 2095 1149 552 369 37 
6277 4525 2725 1813 1351 1056 592 426 77 
6277 4525 2725 1813 1351 1056 592 426 77 
6277 4525 2725 1813 1351 1056 592 426 77 
6277 4525 2725 1813 1351 1056 592 426 77 
6277 4525 2725 1813 1351 1056 592 426 77 
6277 4525 2725 1813 1351 1056 592 426 77 
6277 4525 2725 1813 1351 1056 592 426 77 
6277 4525 2725 1813 1351 1056 592 426 77 
6277 4525 2725 1813 1351 1056 592 426 77 
6277 4525 2725 1813 1351 1056 592 426 77 
7038 6364 5651 3689 2285 1623 1089 348 129 
7038 6364 5651 3689 2285 1623 1089 348 129 
7038 6364 5651 3689 2285 1623 1089 348 129 
7038 6364 5651 3689 2285 1623 1089 348 129 
7038 6364 5651 3689 2285 1623 1089 348 129 
7038 6364 5651 3689 2285 1623 1089 348 129 
7038 6364 5651 3689 2285 1623 1089 348 129 
7038 6364 5651 3689 2285 1623 1089 348 129 
7038 6364 5651 3689 2285 1623 1089 348 129 
7038 6364 5651 3689 2285 1623 1089 348 129 
19962 4327 2926 1588 934 323 134 63 
19962 4327 2926 1588 934 323 134 63 
19962 4327 2926 1588 934 323 134 63 
19962 4327 2926 1588 934 323 134 63 
19962 4327 2926 1588 934 323 134 63 
19962 4327 2926 1588 934 323 134 63 
19962 4327 2926 1588 934 323 134 63 
19962 4327 2926 1588 934 323 134 63 
19962 4327 2926 1588 934 323 134 63 
19962 4327 2926 1588 934 323 134 63 
7188 3684 3384 2238 1712 997 767 546 216 
7188 3684 3384 2238 1712 997 767 546 216 
7188 3684 3384 2238 1712 997 767 546 216 
7188 3684 3384 2238 1712 997 767 546 216 
7188 3684 3384 2238 1712 997 767 546 216 
7188 3684 3384 2238 1712 997 767 546 216 
7188 3684 3384 2238 1712 997 767 546 216 
7188 3684 3384 2238 1712 997 767 546 216 
7188 3684 3384 2238 1712 997 767 546 216 
7188 3684 3384 2238 1712 997 767 546 216 
17226 5618 4322 2315 1398 725 429 149 
17226 5618 4322 2315 1398 725 429 149 
17226 5618 4322 2315 1398 725 429 149 
17226 5618 4322 2315 1398 725 429 149 
17226 5618 4322 2315 1398 725 429 149 
17226 5618 4322 2315 1398 725 429 149 
17226 5618 4322 2315 1398 725 429 149 
17226 5618 4322 2315 1398 725 429 149 
17226 5618 4322 2315 1398 725 429 149 
17226 5618 4322 2315 1398 725 429 149 
10130 5514 3342 2884 2362 1860 1617 957 931 552 
10130 5514 3342 2884 2362 1860 1617 957 931 552 
10130 5514 3342 2884 2362 1860 1617 957 931 552 
10130 5514 3342 2884 2362 1860 1617 957 931 552 
10130 5514 3342 2884 2362 1860 1617 957 931 552 
10130 5514 3342 2884 2362 1860 1617 957 931 552 
10130 5514 3342 2884 2362 1860 1617 957 931 552 
10130 5514 3342 2884 2362 1860 1617 957 931 552 
10130 5514 3342 2884 2362 1860 1617 957 931 552 
10130 5514 3342 2884 2362 1860 1617 957 931 552 
18102 2666 2022 1567 904 766 382 74 
18102 2666 2022 1567 904 766 382 74 
18102 2666 2022 1567 904 766 382 74 
18102 2666 2022 1567 904 766 382 74 
18102 2666 2022 1567 904 766 382 74 
18102 2666 2022 1567 904 766 382 74 
18102 2666 2022 1567 904 766 382 74 
18102 2666 2022 1567 904 766 382 74 
18102 2666 2022 1567 904 766 382 74 
18102 2666 2022 1567 904 766 382 74 
8027 6178 5911 3228 2459 1723 921 904 393 53 
8027 6178 5911 3228 2459 1723 921 904 393 53 
8027 6178 5911 3228 2459 1723 921 904 393 53 
8027 6178 5911 3228 2459 1723 921 904 393 53 
8027 6178 5911 3228 2459 1723 921 904 393 53 
8027 6178 5911 3228 2459 1723 921 904 393 53 
8027 6178 5911 3228 2459 1723 921 904 393 53 
8027 6178 5911 3228 2459 1723 921 904 393 53 
8027 6178 5911 3228 2459 1723 921 904 393 53 
8027 6178 5911 3228 2459 1723 921 904 393 53 
15053 9754 3996 1667 1150 792 401 168 
15053 9754 3996 1667 1150 792 401 168 
15053 9754 3996 1667 1150 792 401 168 
15053 9754 3996 1667 1150 792 401 168 
15053 9754 3996 1667 1150 792 401 168 
15053 9754 3996 1667 1150 792 401 168 
15053 9754 3996 1667 1150 792 401 168 
15053 9754 3996 1667 1150 792 401 168 
15053 9754 3996 1667 1150 792 401 168 
15053 9754 3996 1667 1150 792 401 168 
9600 8156 4861 1852 1445 1092 587 403 125 
9600 8156 4861 1852 1445 1092 587 403 125 
9600 8156 4861 1852 1445 1092 587 403 125 
9600 8156 4861 1852 1445 1092 587 403 125 
9600 8156 4861 1852 1445 1092 587 403 125 
9600 8156 4861 1852 1445 1092 587 403 125 
9600 8156 4861 1852 1445 1092 587 403 125 
9600 8156 4861 1852 1445 1092 587 403 125 
9600 8156 4861 1852 1445 1092 587 403 125 
9600 8156 4861 1852 1445 1092 587 403 125 
16664 6085 4479 2762 1072 664 474 36 
16664 6085 4479 2762 1072 664 474 36 
16664 6085 4479 2762 1072 664 474 36 
16664 6085 4479 2762 1072 664 474 36 
16664 6085 4479 2762 1072 664 474 36 
16664 6085 4479 2762 1072 664 474 36 
16664 6085 4479 2762 1072 664 474 36 
16664 6085 4479 2762 1072 664 474 36 
16664 6085 4479 2762 1072 664 474 36 
16664 6085 4479 2762 1072 664 474 36 
10194 4952 3562 2201 1219 691 367 227 
10194 4952 3562 2201 1219 691 367 227 
10194 4952 3562 2201 1219 691 367 227 
10194 4952 3562 2201 1219 691 367 227 
10194 4952 3562 2201 1219 691 367 227 
10194 4952 3562 2201 1219 691 367 227 
10194 4952 3562 2201 1219 691 367 227 
10194 4952 3562 2201 1219 691 367 227 
10194 4952 3562 2201 1219 691 367 227 
10194 4952 3562 2201 1219 691 367 227 
27469 1907 1344 799 397 267 48 
27469 1907 1344 799 397 267 48 
27469 1907 1344 799 397 267 48 
27469 1907 1344 799 397 267 48 
27469 1907 1344 799 397 267 48 
27469 1907 1344 799 397 267 48 
27469 1907 1344 799 397 267 48 
27469 1907 1344 799 397 267 48 
27469 1907 1344 799 397 267 48 
27469 1907 1344 799 397 267 48 
19965 3261 1579 1032 796 310 157 
19965 3261 1579 1032 796 310 157 
19965 3261 1579 1032 796 310 157 
19965 3261 1579 1032 796 310 157 
19965 3261 1579 1032 796 310 157 
19965 3261 1579 1032 796 310 157 
19965 3261 1579 1032 796 310 157 
19965 3261 1579 1032 796 310 157 
19965 3261 1579 1032 796 310 157 
19965 3261 1579 1032 796 310 157 
13908 6096 4192 2436 1484 1119 636 463 147 80 
13908 6096 4192 2436 1484 1119 636 463 147 80 
13908 6096 4192 2436 1484 1119 636 463 147 80 
13908 6096 4192 2436 1484 1119 636 463 147 80 
13908 6096 4192 2436 1484 1119 636 463 147 80 
13908 6096 4192 2436 1484 1119 636 463 147 80 
13908 6096 4192 2436 1484 1119 636 463 147 80 
13908 6096 4192 2436 1484 1119 636 463 147 80 
13908 6096 4192 2436 1484 1119 636 463 147 80 
13908 6096 4192 2436 1484 1119 636 463 147 80 
8381 4372 3985 3325 2845 1307 1056 652 628 394 275 99 
8381 4372 3985 3325 2845 1307 1056 652 628 394 275 99 
8381 4372 3985 3325 2845 1307 1056 652 628 394 275 99 
8381 4372 3985 3325 2845 1307 1056 652 628 394 275 99 
8381 4372 3985 3325 2845 1307 1056 652 628 394 275 99 
8381 4372 3985 3325 2845 1307 1056 652 628 394 275 99 
8381 4372 3985 3325 2845 1307 1056 652 628 394 275 99 
8381 4372 3985 3325 2845 1307 1056 652 628 394 275 99 
8381 4372 3985 3325 2845 1307 1056 652 628 394 275 99 
8381 4372 3985 3325 2845 1307 1056 652 628 394 275 99 
5684 5400 4105 3213 2076 1679 819 573 142 
5684 5400 4105 3213 2076 1679 819 573 142 
5684 5400 4105 3213 2076 1679 819 573 142 
5684 5400 4105 3213 2076 1679 819 573 142 
5684 5400 4105 3213 2076 1679 819 573 142 
5684 5400 4105 3213 2076 1679 819 573 142 
5684 5400 4105 3213 2076 1679 819 573 142 
5684 5400 4105 3213 2076 1679 819 573 142 
5684 5400 4105 3213 2076 1679 819 573 142 
5684 5400 4105 3213 2076 1679 819 573 142 
16293 2024 1446 745 298 85 
16293 2024 1446 745 298 85 
16293 2024 1446 745 298 85 
16293 2024 1446 745 298 85 
16293 2024 1446 745 298 85 
16293 2024 1446 745 298 85 
16293 2024 1446 745 298 85 
16293 2024 1446 745 298 85 
16293 2024 1446 745 298 85 
16293 2024 1446 745 298 85 
9067 3202 2491 1703 993 733 527 371 85 50 
9067 3202 2491 1703 993 733 527 371 85 50 
9067 3202 2491 1703 993 733 527 371 85 50 
9067 3202 2491 1703 993 733 527 371 85 50 
9067 3202 2491 1703 993 733 527 371 85 50 
9067 3202 2491 1703 993 733 527 371 85 50 
9067 3202 2491 1703 993 733 527 371 85 50 
9067 3202 2491 1703 993 733 527 371 85 50 
9067 3202 2491 1703 993 733 527 371 85 50 
9067 3202 2491 1703 993 733 527 371 85 50 
13441 5464 4307 2824 1741 1075 550 248 224 25 
13441 5464 4307 2824 1741 1075 550 248 224 25 
13441 5464 4307 2824 1741 1075 550 248 224 25 
13441 5464 4307 2824 1741 1075 550 248 224 25 
13441 5464 4307 2824 1741 1075 550 248 224 25 
13441 5464 4307 2824 1741 1075 550 248 224 25 
13441 5464 4307 2824 1741 1075 550 248 224 25 
13441 5464 4307 2824 1741 1075 550 248 224 25 
13441 5464 4307 2824 1741 1075 550 248 224 25 
13441 5464 4307 2824 1741 1075 550 248 224 25 
19238 3673 1977 1412 1037 330 288 118 
19238 3673 1977 1412 1037 330 288 118 
19238 3673 1977 1412 1037 330 288 118 
19238 3673 1977 1412 1037 330 288 118 
19238 3673 1977 1412 1037 330 288 118 
19238 3673 1977 1412 1037 330 288 118 
19238 3673 1977 1412 1037 330 288 118 
19238 3673 1977 1412 1037 330 288 118 
19238 3673 1977 1412 1037 330 288 118 
19238 3673 1977 1412 1037 330 288 118 
20619 1659 1374 955 739 358 83 46 
20619 1659 1374 955 739 358 83 46 
20619 1659 1374 955 739 358 83 46 
20619 1659 1374 955 739 358 83 46 
20619 1659 1374 955 739 358 83 46 
20619 1659 1374 955 739 358 83 46 
20619 1659 1374 955 739 358 83 46 
20619 1659 1374 955 739 358 83 46 
20619 1659 1374 955 739 358 83 46 
20619 1659 1374 955 739 358 83 46 
7930 4871 3896 2548 2188 1072 895 400 117 
7930 4871 3896 2548 2188 1072 895 400 117 
7930 4871 3896 2548 2188 1072 895 400 117 
7930 4871 3896 2548 2188 1072 895 400 117 
7930 4871 3896 2548 2188 1072 895 400 117 
7930 4871 3896 2548 2188 1072 895 400 117 
7930 4871 3896 2548 2188 1072 895 400 117 
7930 4871 3896 2548 2188 1072 895 400 117 
7930 4871 3896 2548 2188 1072 895 400 117 
7930 4871 3896 2548 2188 1072 895 400 117 
6656 6030 5125 3295 2536 2169 1420 782 131 77 
6656 6030 5125 3295 2536 2169 1420 782 131 77 
6656 6030 5125 3295 2536 2169 1420 782 131 77 
6656 6030 5125 3295 2536 2169 1420 782 131 77 
6656 6030 5125 3295 2536 2169 1420 782 131 77 
6656 6030 5125 3295 2536 2169 1420 782 131 77 
6656 6030 5125 3295 2536 2169 1420 782 131 77 
6656 6030 5125 3295 2536 2169 1420 782 131 77 
6656 6030 5125 3295 2536 2169 1420 782 131 77 
6656 6030 5125 3295 2536 2169 1420 782 131 77 
12863 3795 2504 1401 952 488 393 213 
12863 3795 2504 1401 952 488 393 213 
12863 3795 2504 1401 952 488 393 213 
12863 3795 2504 1401 952 488 393 213 
12863 3795 2504 1401 952 488 393 213 
12863 3795 2504 1401 952 488 393 213 
12863 3795 2504 1401 952 488 393 213 
12863 3795 2504 1401 952 488 393 213 
12863 3795 2504 1401 952 488 393 213 
12863 3795 2504 1401 952 488 393 213 
10462 5621 3968 1883 986 549 409 112 58 
10462 5621 3968 1883 986 549 409 112 58 
10462 5621 3968 1883 986 549 409 112 58 
10462 5621 3968 1883 986 549 409 112 58 
10462 5621 3968 1883 986 549 409 112 58 
10462 5621 3968 1883 986 549 409 112 58 
10462 5621 3968 1883 986 549 409 112 58 
10462 5621 3968 1883 986 549 409 112 58 
10462 5621 3968 1883 986 549 409 112 58 
10462 5621 3968 1883 986 549 409 112 58 
8892 5264 4804 3100 1692 1446 957 590 301 
8892 5264 4804 3100 1692 1446 957 590 301 
8892 5264 4804 3100 1692 1446 957 590 301 
8892 5264 4804 3100 1692 1446 957 590 301 
8892 5264 4804 3100 1692 1446 957 590 301 
8892 5264 4804 3100 1692 1446 957 590 301 
8892 5264 4804 3100 1692 1446 957 590 301 
8892 5264 4804 3100 1692 1446 957 590 301 
8892 5264 4804 3100 1692 1446 957 590 301 
8892 5264 4804 3100 1692 1446 957 590 301 
14854 2324 1394 788 556 376 43 34 
14854 2324 1394 788 556 376 43 34 
14854 2324 1394 788 556 376 43 34 
14854 2324 1394 788 556 376 43 34 
14854 2324 1394 788 556 376 43 34 
14854 2324 1394 788 556 376 43 34 
14854 2324 1394 788 556 376 43 34 
14854 2324 1394 788 556 376 43 34 
14854 2324 1394 788 556 376 43 34 
14854 2324 1394 788 556 376 43 34 
16306 
10676 3841 1070 362 
16306 
10676 3841 1070 362 
16306 
10676 3841 1070 362 
16306 
10676 3841 1070 362 
16306 
10676 3841 1070 362 
16306 
10676 3841 1070 362 
16306 
10676 3841 1070 362 
16306 
10676 3841 1070 362 
16306 
10676 3841 1070 362 
16306 
10676 3841 1070 362 
7739 7194 2844 1974 1214 749 610 236 
7739 7194 2844 1974 1214 749 610 236 
7739 7194 2844 1974 1214 749 610 236 
7739 7194 2844 1974 1214 749 610 236 
7739 7194 2844 1974 1214 749 610 236 
7739 7194 2844 1974 1214 749 610 236 
7739 7194 2844 1974 1214 749 610 236 
7739 7194 2844 1974 1214 749 610 236 
7739 7194 2844 1974 1214 749 610 236 
7739 7194 2844 1974 1214 749 610 236 
9923 7139 4583 2168 1417 601 401 
9923 7139 4583 2168 1417 601 401 
9923 7139 4583 2168 1417 601 401 
9923 7139 4583 2168 1417 601 401 
9923 7139 4583 2168 1417 601 401 
9923 7139 4583 2168 1417 601 401 
9923 7139 4583 2168 1417 601 401 
9923 7139 4583 2168 1417 601 401 
9923 7139 4583 2168 1417 601 401 
9923 7139 4583 2168 1417 601 401 
7676 4551 3556 2614 1402 895 622 185 42 
7676 4551 3556 2614 1402 895 622 185 42 
7676 4551 3556 2614 1402 895 622 185 42 
7676 4551 3556 2614 1402 895 622 185 42 
7676 4551 3556 2614 1402 895 622 185 42 
7676 4551 3556 2614 1402 895 622 185 42 
7676 4551 3556 2614 1402 895 622 185 42 
7676 4551 3556 2614 1402 895 622 185 42 
7676 4551 3556 2614 1402 895 622 185 42 
7676 4551 3556 2614 1402 895 622 185 42 
8243 4524 2905 2376 1429 1112 477 248 98 
8243 4524 2905 2376 1429 1112 477 248 98 
8243 4524 2905 2376 1429 1112 477 248 98 
8243 4524 2905 2376 1429 1112 477 248 98 
8243 4524 2905 2376 1429 1112 477 248 98 
8243 4524 2905 2376 1429 1112 477 248 98 
8243 4524 2905 2376 1429 1112 477 248 98 
8243 4524 2905 2376 1429 1112 477 248 98 
8243 4524 2905 2376 1429 1112 477 248 98 
8243 4524 2905 2376 1429 1112 477 248 98 
6750 5251 3910 2068 1836 1213 979 693 593 262 87 
6750 5251 3910 2068 1836 1213 979 693 593 262 87 
6750 5251 3910 2068 1836 1213 979 693 593 262 87 
6750 5251 3910 2068 1836 1213 979 693 593 262 87 
6750 5251 3910 2068 1836 1213 979 693 593 262 87 
6750 5251 3910 2068 1836 1213 979 693 593 262 87 
6750 5251 3910 2068 1836 1213 979 693 593 262 87 
6750 5251 3910 2068 1836 1213 979 693 593 262 87 
6750 5251 3910 2068 1836 1213 979 693 593 262 87 
6750 5251 3910 2068 1836 1213 979 693 593 262 87 
11800 7511 2893 1594 1145 669 269 193 28 
11800 7511 2893 1594 1145 669 269 193 28 
11800 7511 2893 1594 1145 669 269 193 28 
11800 7511 2893 1594 1145 669 269 193 28 
11800 7511 2893 1594 1145 669 269 193 28 
11800 7511 2893 1594 1145 669 269 193 28 
11800 7511 2893 1594 1145 669 269 193 28 
11800 7511 2893 1594 1145 669 269 193 28 
11800 7511 2893 1594 1145 669 269 193 28 
11800 7511 2893 1594 1145 669 269 193 28 
8509 5019 3811 2769 1739 1028 794 621 412 316 262 53 31 
8509 5019 3811 2769 1739 1028 794 621 412 316 262 53 31 
8509 5019 3811 2769 1739 1028 794 621 412 316 262 53 31 
8509 5019 3811 2769 1739 1028 794 621 412 316 262 53 31 
8509 5019 3811 2769 1739 1028 794 621 412 316 262 53 31 
8509 5019 3811 2769 1739 1028 794 621 412 316 262 53 31 
8509 5019 3811 2769 1739 1028 794 621 412 316 262 53 31 
8509 5019 3811 2769 1739 1028 794 621 412 316 262 53 31 
8509 5019 3811 2769 1739 1028 794 621 412 316 262 53 31 
8509 5019 3811 2769 1739 1028 794 621 412 316 262 53 31 
27094 929 638 419 65 
27094 929 638 419 65 
27094 929 638 419 65 
27094 929 638 419 65 
27094 929 638 419 65 
27094 929 638 419 65 
27094 929 638 419 65 
27094 929 638 419 65 
27094 929 638 419 65 
27094 929 638 419 65 
4208 4108 2748 2003 1653 1246 780 408 200 99 
4208 4108 2748 2003 1653 1246 780 408 200 99 
4208 4108 2748 2003 1653 1246 780 408 200 99 
4208 4108 2748 2003 1653 1246 780 408 200 99 
4208 4108 2748 2003 1653 1246 780 408 200 99 
4208 4108 2748 2003 1653 1246 780 408 200 99 
4208 4108 2748 2003 1653 1246 780 408 200 99 
4208 4108 2748 2003 1653 1246 780 408 200 99 
4208 4108 2748 2003 1653 1246 780 408 200 99 
4208 4108 2748 2003 1653 1246 780 408 200 99 
19962 1577 1202 622 377 192 
19962 1577 1202 622 377 192 
19962 1577 1202 622 377 192 
19962 1577 1202 622 377 192 
19962 1577 1202 622 377 192 
19962 1577 1202 622 377 192 
19962 1577 1202 622 377 192 
19962 1577 1202 622 377 192 
19962 1577 1202 622 377 192 
19962 1577 1202 622 377 192 
8356 6079 3955 2663 1759 1400 1211 598 572 
8356 6079 3955 2663 1759 1400 1211 598 572 
8356 6079 3955 2663 1759 1400 1211 598 572 
8356 6079 3955 2663 1759 1400 1211 598 572 
8356 6079 3955 2663 1759 1400 1211 598 572 
8356 6079 3955 2663 1759 1400 1211 598 572 
8356 6079 3955 2663 1759 1400 1211 598 572 
8356 6079 3955 2663 1759 1400 1211 598 572 
8356 6079 3955 2663 1759 1400 1211 598 572 
8356 6079 3955 2663 1759 1400 1211 598 572 
10260 2328 1639 1123 942 550 288 18 
10260 2328 1639 1123 942 550 288 18 
10260 2328 1639 1123 942 550 288 18 
10260 2328 1639 1123 942 550 288 18 
10260 2328 1639 1123 942 550 288 18 
10260 2328 1639 1123 942 550 288 18 
10260 2328 1639 1123 942 550 288 18 
10260 2328 1639 1123 942 550 288 18 
10260 2328 1639 1123 942 550 288 18 
10260 2328 1639 1123 942 550 288 18 
7232 3227 2606 2049 1146 631 538 128 
7232 3227 2606 2049 1146 631 538 128 
7232 3227 2606 2049 1146 631 538 128 
7232 3227 2606 2049 1146 631 538 128 
7232 3227 2606 2049 1146 631 538 128 
7232 3227 2606 2049 1146 631 538 128 
7232 3227 2606 2049 1146 631 538 128 
7232 3227 2606 2049 1146 631 538 128 
7232 3227 2606 2049 1146 631 538 128 
7232 3227 2606 2049 1146 631 538 128 
14403 6177 3400 2469 1557 1002 458 112 63 
14403 6177 3400 2469 1557 1002 458 112 63 
14403 6177 3400 2469 1557 1002 458 112 63 
14403 6177 3400 2469 1557 1002 458 112 63 
14403 6177 3400 2469 1557 1002 458 112 63 
14403 6177 3400 2469 1557 1002 458 112 63 
14403 6177 3400 2469 1557 1002 458 112 63 
14403 6177 3400 2469 1557 1002 458 112 63 
14403 6177 3400 2469 1557 1002 458 112 63 
14403 6177 3400 2469 1557 1002 458 112 63 
13086 6808 5282 2566 1492 1255 325 252 43 
13086 6808 5282 2566 1492 1255 325 252 43 
13086 6808 5282 2566 1492 1255 325 252 43 
13086 6808 5282 2566 1492 1255 325 252 43 
13086 6808 5282 2566 1492 1255 325 252 43 
13086 6808 5282 2566 1492 1255 325 252 43 
13086 6808 5282 2566 1492 1255 325 252 43 
13086 6808 5282 2566 1492 1255 325 252 43 
13086 6808 5282 2566 1492 1255 325 252 43 
13086 6808 5282 2566 1492 1255 325 252 43 
17890 2249 1560 1054 724 495 62 
17890 2249 1560 1054 724 495 62 
17890 2249 1560 1054 724 495 62 
17890 2249 1560 1054 724 495 62 
17890 2249 1560 1054 724 495 62 
17890 2249 1560 1054 724 495 62 
17890 2249 1560 1054 724 495 62 
17890 2249 1560 1054 724 495 62 
17890 2249 1560 1054 724 495 62 
17890 2249 1560 1054 724 495 62 
4904 3272 2612 1517 1321 841 552 197 14 
4904 3272 2612 1517 1321 841 552 197 14 
4904 3272 2612 1517 1321 841 552 197 14 
4904 3272 2612 1517 1321 841 552 197 14 
4904 3272 2612 1517 1321 841 552 197 14 
4904 3272 2612 1517 1321 841 552 197 14 
4904 3272 2612 1517 1321 841 552 197 14 
4904 3272 2612 1517 1321 841 552 197 14 
4904 3272 2612 1517 1321 841 552 197 14 
4904 3272 2612 1517 1321 841 552 197 14 
8213 7249 2868 2281 1747 1103 746 421 84 
8213 7249 2868 2281 1747 1103 746 421 84 
8213 7249 2868 2281 1747 1103 746 421 84 
8213 7249 2868 2281 1747 1103 746 421 84 
8213 7249 2868 2281 1747 1103 746 421 84 
8213 7249 2868 2281 1747 1103 746 421 84 
8213 7249 2868 2281 1747 1103 746 421 84 
8213 7249 2868 2281 1747 1103 746 421 84 
8213 7249 2868 2281 1747 1103 746 421 84 
8213 7249 2868 2281 1747 1103 746 421 84 
14906 3095 1796 753 631 473 193 143 
14906 3095 1796 753 631 473 193 143 
14906 3095 1796 753 631 473 193 143 
14906 3095 1796 753 631 473 193 143 
14906 3095 1796 753 631 473 193 143 
14906 3095 1796 753 631 473 193 143 
14906 3095 1796 753 631 473 193 143 
14906 3095 1796 753 631 473 193 143 
14906 3095 1796 753 631 473 193 143 
14906 3095 1796 753 631 473 193 143 
13902 5527 3785 1813 1453 913 562 477 106 
13902 5527 3785 1813 1453 913 562 477 106 
13902 5527 3785 1813 1453 913 562 477 106 
13902 5527 3785 1813 1453 913 562 477 106 
13902 5527 3785 1813 1453 913 562 477 106 
13902 5527 3785 1813 1453 913 562 477 106 
13902 5527 3785 1813 1453 913 562 477 106 
13902 5527 3785 1813 1453 913 562 477 106 
13902 5527 3785 1813 1453 913 562 477 106 
13902 5527 3785 1813 1453 913 562 477 106 
7136 3201 2499 2213 1951 1445 719 397 148 
7136 3201 2499 2213 1951 1445 719 397 148 
7136 3201 2499 2213 1951 1445 719 397 148 
7136 3201 2499 2213 1951 1445 719 397 148 
7136 3201 2499 2213 1951 1445 719 397 148 
7136 3201 2499 2213 1951 1445 719 397 148 
7136 3201 2499 2213 1951 1445 719 397 148 
7136 3201 2499 2213 1951 1445 719 397 148 
7136 3201 2499 2213 1951 1445 719 397 148 
7136 3201 2499 2213 1951 1445 719 397 148 
21244 1064 866 375 272 118 
21244 1064 866 375 272 118 
21244 1064 866 375 272 118 
21244 1064 866 375 272 118 
21244 1064 866 375 272 118 
21244 1064 866 375 272 118 
21244 1064 866 375 272 118 
21244 1064 866 375 272 118 
21244 1064 866 375 272 118 
21244 1064 866 375 272 118 
12502 6055 3038 2544 1514 747 567 171 87 
12502 6055 3038 2544 1514 747 567 171 87 
12502 6055 3038 2544 1514 747 567 171 87 
12502 6055 3038 2544 1514 747 567 171 87 
12502 6055 3038 2544 1514 747 567 171 87 
12502 6055 3038 2544 1514 747 567 171 87 
12502 6055 3038 2544 1514 747 567 171 87 
12502 6055 3038 2544 1514 747 567 171 87 
12502 6055 3038 2544 1514 747 567 171 87 
12502 6055 3038 2544 1514 747 567 171 87 
10951 8193 4212 3259 2087 1001 657 391 61 
10951 8193 4212 3259 2087 1001 657 391 61 
10951 8193 4212 3259 2087 1001 657 391 61 
10951 8193 4212 3259 2087 1001 657 391 61 
10951 8193 4212 3259 2087 1001 657 391 61 
10951 8193 4212 3259 2087 1001 657 391 61 
10951 8193 4212 3259 2087 1001 657 391 61 
10951 8193 4212 3259 2087 1001 657 391 61 
10951 8193 4212 3259 2087 1001 657 391 61 
10951 8193 4212 3259 2087 1001 657 391 61 
6424 6075 4962 3814 2202 1550 1089 496 322 49 
6424 6075 4962 3814 2202 1550 1089 496 322 49 
6424 6075 4962 3814 2202 1550 1089 496 322 49 
6424 6075 4962 3814 2202 1550 1089 496 322 49 
6424 6075 4962 3814 2202 1550 1089 496 322 49 
6424 6075 4962 3814 2202 1550 1089 496 322 49 
6424 6075 4962 3814 2202 1550 1089 496 322 49 
6424 6075 4962 3814 2202 1550 1089 496 322 49 
6424 6075 4962 3814 2202 1550 1089 496 322 49 
6424 6075 4962 3814 2202 1550 1089 496 322 49 
15927 6977 4184 2321 1328 736 508 95 
15927 6977 4184 2321 1328 736 508 95 
15927 6977 4184 2321 1328 736 508 95 
15927 6977 4184 2321 1328 736 508 95 
15927 6977 4184 2321 1328 736 508 95 
15927 6977 4184 2321 1328 736 508 95 
15927 6977 4184 2321 1328 736 508 95 
15927 6977 4184 2321 1328 736 508 95 
15927 6977 4184 2321 1328 736 508 95 
15927 6977 4184 2321 1328 736 508 95 
9524 5364 4139 2178 1476 1138 867 568 305 68 32 
9524 5364 4139 2178 1476 1138 867 568 305 68 32 
9524 5364 4139 2178 1476 1138 867 568 305 68 32 
9524 5364 4139 2178 1476 1138 867 568 305 68 32 
9524 5364 4139 2178 1476 1138 867 568 305 68 32 
9524 5364 4139 2178 1476 1138 867 568 305 68 32 
9524 5364 4139 2178 1476 1138 867 568 305 68 32 
9524 5364 4139 2178 1476 1138 867 568 305 68 32 
9524 5364 4139 2178 1476 1138 867 568 305 68 32 
9524 5364 4139 2178 1476 1138 867 568 305 68 32 
8230 8096 2890 1896 1780 1001 700 566 212 97 
8230 8096 2890 1896 1780 1001 700 566 212 97 
8230 8096 2890 1896 1780 1001 700 566 212 97 
8230 8096 2890 1896 1780 1001 700 566 212 97 
8230 8096 2890 1896 1780 1001 700 566 212 97 
8230 8096 2890 1896 1780 1001 700 566 212 97 
8230 8096 2890 1896 1780 1001 700 566 212 97 
8230 8096 2890 1896 1780 1001 700 566 212 97 
8230 8096 2890 1896 1780 1001 700 566 212 97 
8230 8096 2890 1896 1780 1001 700 566 212 97 
14020 6198 3289 1823 1327 795 524 98 
14020 6198 3289 1823 1327 795 524 98 
14020 6198 3289 1823 1327 795 524 98 
14020 6198 3289 1823 1327 795 524 98 
14020 6198 3289 1823 1327 795 524 98 
14020 6198 3289 1823 1327 795 524 98 
14020 6198 3289 1823 1327 795 524 98 
14020 6198 3289 1823 1327 795 524 98 
14020 6198 3289 1823 1327 795 524 98 
14020 6198 3289 1823 1327 795 524 98 
6504 3526 1933 1391 908 535 341 132 85 
6504 3526 1933 1391 908 535 341 132 85 
6504 3526 1933 1391 908 535 341 132 85 
6504 3526 1933 1391 908 535 341 132 85 
6504 3526 1933 1391 908 535 341 132 85 
6504 3526 1933 1391 908 535 341 132 85 
6504 3526 1933 1391 908 535 341 132 85 
6504 3526 1933 1391 908 535 341 132 85 
6504 3526 1933 1391 908 535 341 132 85 
6504 3526 1933 1391 908 535 341 132 85 
11190 8222 4964 2682 1973 1189 745 154 
11190 8222 4964 2682 1973 1189 745 154 
11190 8222 4964 2682 1973 1189 745 154 
11190 8222 4964 2682 1973 1189 745 154 
11190 8222 4964 2682 1973 1189 745 154 
11190 8222 4964 2682 1973 1189 745 154 
11190 8222 4964 2682 1973 1189 745 154 
11190 8222 4964 2682 1973 1189 745 154 
11190 8222 4964 2682 1973 1189 745 154 
11190 8222 4964 2682 1973 1189 745 154 
26943 
5836 4423 3152 1083 318 102 26 
26943 
5836 4423 3152 1083 318 102 26 
26943 
5836 4423 3152 1083 318 102 26 
26943 
5836 4423 3152 1083 318 102 26 
26943 
5836 4423 3152 1083 318 102 26 
26943 
5836 4423 3152 1083 318 102 26 
26943 
5836 4423 3152 1083 318 102 26 
26943 
5836 4423 3152 1083 318 102 26 
26943 
5836 4423 3152 1083 318 102 26 
26943 
5836 4423 3152 1083 318 102 26 
11443 6822 5137 2371 1581 1090 447 262 91 
11443 6822 5137 2371 1581 1090 447 262 91 
11443 6822 5137 2371 1581 1090 447 262 91 
11443 6822 5137 2371 1581 1090 447 262 91 
11443 6822 5137 2371 1581 1090 447 262 91 
11443 6822 5137 2371 1581 1090 447 262 91 
11443 6822 5137 2371 1581 1090 447 262 91 
11443 6822 5137 2371 1581 1090 447 262 91 
11443 6822 5137 2371 1581 1090 447 262 91 
11443 6822 5137 2371 1581 1090 447 262 91 
7718 5315 2673 1982 1480 478 471 181 42 
7718 5315 2673 1982 1480 478 471 181 42 
7718 5315 2673 1982 1480 478 471 181 42 
7718 5315 2673 1982 1480 478 471 181 42 
7718 5315 2673 1982 1480 478 471 181 42 
7718 5315 2673 1982 1480 478 471 181 42 
7718 5315 2673 1982 1480 478 471 181 42 
7718 5315 2673 1982 1480 478 471 181 42 
7718 5315 2673 1982 1480 478 471 181 42 
7718 5315 2673 1982 1480 478 471 181 42 
17014 3879 1520 1377 1147 682 235 
17014 3879 1520 1377 1147 682 235 
17014 3879 1520 1377 1147 682 235 
17014 3879 1520 1377 1147 682 235 
17014 3879 1520 1377 1147 682 235 
17014 3879 1520 1377 1147 682 235 
17014 3879 1520 1377 1147 682 235 
17014 3879 1520 1377 1147 682 235 
17014 3879 1520 1377 1147 682 235 
17014 3879 1520 1377 1147 682 235 
11128 3793 2319 1499 1131 985 632 468 355 224 
11128 3793 2319 1499 1131 985 632 468 355 224 
11128 3793 2319 1499 1131 985 632 468 355 224 
11128 3793 2319 1499 1131 985 632 468 355 224 
11128 3793 2319 1499 1131 985 632 468 355 224 
11128 3793 2319 1499 1131 985 632 468 355 224 
11128 3793 2319 1499 1131 985 632 468 355 224 
11128 3793 2319 1499 1131 985 632 468 355 224 
11128 3793 2319 1499 1131 985 632 468 355 224 
11128 3793 2319 1499 1131 985 632 468 355 224 
6042 5253 2305 1901 1018 911 730 319 123 
6042 5253 2305 1901 1018 911 730 319 123 
6042 5253 2305 1901 1018 911 730 319 123 
6042 5253 2305 1901 1018 911 730 319 123 
6042 5253 2305 1901 1018 911 730 319 123 
6042 5253 2305 1901 1018 911 730 319 123 
6042 5253 2305 1901 1018 911 730 319 123 
6042 5253 2305 1901 1018 911 730 319 123 
6042 5253 2305 1901 1018 911 730 319 123 
6042 5253 2305 1901 1018 911 730 319 123 
7199 6855 6465 3515 2633 1708 758 591 408 50 
7199 6855 6465 3515 2633 1708 758 591 408 50 
7199 6855 6465 3515 2633 1708 758 591 408 50 
7199 6855 6465 3515 2633 1708 758 591 408 50 
7199 6855 6465 3515 2633 1708 758 591 408 50 
7199 6855 6465 3515 2633 1708 758 591 408 50 
7199 6855 6465 3515 2633 1708 758 591 408 50 
7199 6855 6465 3515 2633 1708 758 591 408 50 
7199 6855 6465 3515 2633 1708 758 591 408 50 
7199 6855 6465 3515 2633 1708 758 591 408 50 
13184 3604 2605 1939 1348 857 589 301 185 44 
13184 3604 2605 1939 1348 857 589 301 185 44 
13184 3604 2605 1939 1348 857 589 301 185 44 
13184 3604 2605 1939 1348 857 589 301 185 44 
13184 3604 2605 1939 1348 857 589 301 185 44 
13184 3604 2605 1939 1348 857 589 301 185 44 
13184 3604 2605 1939 1348 857 589 301 185 44 
13184 3604 2605 1939 1348 857 589 301 185 44 
13184 3604 2605 1939 1348 857 589 301 185 44 
13184 3604 2605 1939 1348 857 589 301 185 44 
6634 6561 4306 2281 1506 1007 632 289 59 
6634 6561 4306 2281 1506 1007 632 289 59 
6634 6561 4306 2281 1506 1007 632 289 59 
6634 6561 4306 2281 1506 1007 632 289 59 
6634 6561 4306 2281 1506 1007 632 289 59 
6634 6561 4306 2281 1506 1007 632 289 59 
6634 6561 4306 2281 1506 1007 632 289 59 
6634 6561 4306 2281 1506 1007 632 289 59 
6634 6561 4306 2281 1506 1007 632 289 59 
6634 6561 4306 2281 1506 1007 632 289 59 
8991 6080 4031 2757 1478 511 504 356 84 
8991 6080 4031 2757 1478 511 504 356 84 
8991 6080 4031 2757 1478 511 504 356 84 
8991 6080 4031 2757 1478 511 504 356 84 
8991 6080 4031 2757 1478 511 504 356 84 
8991 6080 4031 2757 1478 511 504 356 84 
8991 6080 4031 2757 1478 511 504 356 84 
8991 6080 4031 2757 1478 511 504 356 84 
8991 6080 4031 2757 1478 511 504 356 84 
8991 6080 4031 2757 1478 511 504 356 84 
16236 
7897 3860 2116 1357 609 129 
16236 
7897 3860 2116 1357 609 129 
16236 
7897 3860 2116 1357 609 129 
16236 
7897 3860 2116 1357 609 129 
16236 
7897 3860 2116 1357 609 129 
16236 
7897 3860 2116 1357 609 129 
16236 
7897 3860 2116 1357 609 129 
16236 
7897 3860 2116 1357 609 129 
16236 
7897 3860 2116 1357 609 129 
16236 
7897 3860 2116 1357 609 129 
6968 5149 3879 2053 1286 1017 811 308 26 
6968 5149 3879 2053 1286 1017 811 308 26 
6968 5149 3879 2053 1286 1017 811 308 26 
6968 5149 3879 2053 1286 1017 811 308 26 
6968 5149 3879 2053 1286 1017 811 308 26 
6968 5149 3879 2053 1286 1017 811 308 26 
6968 5149 3879 2053 1286 1017 811 308 26 
6968 5149 3879 2053 1286 1017 811 308 26 
6968 5149 3879 2053 1286 1017 811 308 26 
6968 5149 3879 2053 1286 1017 811 308 26 
20615 
10688 2007 1410 715 133 103 
20615 
10688 2007 1410 715 133 103 
20615 
10688 2007 1410 715 133 103 
20615 
10688 2007 1410 715 133 103 
20615 
10688 2007 1410 715 133 103 
20615 
10688 2007 1410 715 133 103 
20615 
10688 2007 1410 715 133 103 
20615 
10688 2007 1410 715 133 103 
20615 
10688 2007 1410 715 133 103 
20615 
10688 2007 1410 715 133 103 
9074 7967 6971 2806 1881 1292 801 404 29 
9074 7967 6971 2806 1881 1292 801 404 29 
9074 7967 6971 2806 1881 1292 801 404 29 
9074 7967 6971 2806 1881 1292 801 404 29 
9074 7967 6971 2806 1881 1292 801 404 29 
9074 7967 6971 2806 1881 1292 801 404 29 
9074 7967 6971 2806 1881 1292 801 404 29 
9074 7967 6971 2806 1881 1292 801 404 29 
9074 7967 6971 2806 1881 1292 801 404 29 
9074 7967 6971 2806 1881 1292 801 404 29 
27183 
10322 3796 1551 683 390 
27183 
10322 3796 1551 683 390 
27183 
10322 3796 1551 683 390 
27183 
10322 3796 1551 683 390 
27183 
10322 3796 1551 683 390 
27183 
10322 3796 1551 683 390 
27183 
10322 3796 1551 683 390 
27183 
10322 3796 1551 683 390 
27183 
10322 3796 1551 683 390 
27183 
10322 3796 1551 683 390 
10284 2828 2028 1100 999 747 280 
10284 2828 2028 1100 999 747 280 
10284 2828 2028 1100 999 747 280 
10284 2828 2028 1100 999 747 280 
10284 2828 2028 1100 999 747 280 
10284 2828 2028 1100 999 747 280 
10284 2828 2028 1100 999 747 280 
10284 2828 2028 1100 999 747 280 
10284 2828 2028 1100 999 747 280 
10284 2828 2028 1100 999 747 280 
11117 6770 5278 3332 1973 1200 675 405 146 
11117 6770 5278 3332 1973 1200 675 405 146 
11117 6770 5278 3332 1973 1200 675 405 146 
11117 6770 5278 3332 1973 1200 675 405 146 
11117 6770 5278 3332 1973 1200 675 405 146 
11117 6770 5278 3332 1973 1200 675 405 146 
11117 6770 5278 3332 1973 1200 675 405 146 
11117 6770 5278 3332 1973 1200 675 405 146 
11117 6770 5278 3332 1973 1200 675 405 146 
11117 6770 5278 3332 1973 1200 675 405 146 
9618 3737 2332 1418 1000 651 388 200 9 
9618 3737 2332 1418 1000 651 388 200 9 
9618 3737 2332 1418 1000 651 388 200 9 
9618 3737 2332 1418 1000 651 388 200 9 
9618 3737 2332 1418 1000 651 388 200 9 
9618 3737 2332 1418 1000 651 388 200 9 
9618 3737 2332 1418 1000 651 388 200 9 
9618 3737 2332 1418 1000 651 388 200 9 
9618 3737 2332 1418 1000 651 388 200 9 
9618 3737 2332 1418 1000 651 388 200 9 
7594 6284 3572 1069 322 
7535 6347 3330 1351 247 
7594 6284 3572 1069 322 
7535 6347 3330 1351 247 
7594 6284 3572 1069 322 
7535 6347 3330 1351 247 
7594 6284 3572 1069 322 
7535 6347 3330 1351 247 
7594 6284 3572 1069 322 
7535 6347 3330 1351 247 
7594 6284 3572 1069 322 
7535 6347 3330 1351 247 
7594 6284 3572 1069 322 
7535 6347 3330 1351 247 
7594 6284 3572 1069 322 
7535 6347 3330 1351 247 
7594 6284 3572 1069 322 
7535 6347 3330 1351 247 
7594 6284 3572 1069 322 
7535 6347 3330 1351 247 
8599 5796 2759 317 
7475 7024 2220 503 217 24 
8599 5796 2759 317 
7475 7024 2220 503 217 24 
8599 5796 2759 317 
7475 7024 2220 503 217 24 
8599 5796 2759 317 
7475 7024 2220 503 217 24 
8599 5796 2759 317 
7475 7024 2220 503 217 24 
8599 5796 2759 317 
7475 7024 2220 503 217 24 
8599 5796 2759 317 
7475 7024 2220 503 217 24 
8599 5796 2759 317 
7475 7024 2220 503 217 24 
8599 5796 2759 317 
7475 7024 2220 503 217 24 
8599 5796 2759 317 
7475 7024 2220 503 217 24 
18117 
7158 6619 2631 1316 91 
18117 
7158 6619 2631 1316 91 
18117 
7158 6619 2631 1316 91 
18117 
7158 6619 2631 1316 91 
18117 
7158 6619 2631 1316 91 
18117 
7158 6619 2631 1316 91 
18117 
7158 6619 2631 1316 91 
18117 
7158 6619 2631 1316 91 
18117 
7158 6619 2631 1316 91 
18117 
7158 6619 2631 1316 91 
9436 8993 6632 4269 1406 957 390 334 68 
9436 8993 6632 4269 1406 957 390 334 68 
9436 8993 6632 4269 1406 957 390 334 68 
9436 8993 6632 4269 1406 957 390 334 68 
9436 8993 6632 4269 1406 957 390 334 68 
9436 8993 6632 4269 1406 957 390 334 68 
9436 8993 6632 4269 1406 957 390 334 68 
9436 8993 6632 4269 1406 957 390 334 68 
9436 8993 6632 4269 1406 957 390 334 68 
9436 8993 6632 4269 1406 957 390 334 68 
8124 6182 3205 2491 1365 1187 312 92 20 
8124 6182 3205 2491 1365 1187 312 92 20 
8124 6182 3205 2491 1365 1187 312 92 20 
8124 6182 3205 2491 1365 1187 312 92 20 
8124 6182 3205 2491 1365 1187 312 92 20 
8124 6182 3205 2491 1365 1187 312 92 20 
8124 6182 3205 2491 1365 1187 312 92 20 
8124 6182 3205 2491 1365 1187 312 92 20 
8124 6182 3205 2491 1365 1187 312 92 20 
8124 6182 3205 2491 1365 1187 312 92 20 
9133 6920 5158 4310 2623 2579 1203 694 522 52 
9133 6920 5158 4310 2623 2579 1203 694 522 52 
9133 6920 5158 4310 2623 2579 1203 694 522 52 
9133 6920 5158 4310 2623 2579 1203 694 522 52 
9133 6920 5158 4310 2623 2579 1203 694 522 52 
9133 6920 5158 4310 2623 2579 1203 694 522 52 
9133 6920 5158 4310 2623 2579 1203 694 522 52 
9133 6920 5158 4310 2623 2579 1203 694 522 52 
9133 6920 5158 4310 2623 2579 1203 694 522 52 
9133 6920 5158 4310 2623 2579 1203 694 522 52 
7729 4096 2833 1979 1853 1333 901 803 340 90 49 
7729 4096 2833 1979 1853 1333 901 803 340 90 49 
7729 4096 2833 1979 1853 1333 901 803 340 90 49 
7729 4096 2833 1979 1853 1333 901 803 340 90 49 
7729 4096 2833 1979 1853 1333 901 803 340 90 49 
7729 4096 2833 1979 1853 1333 901 803 340 90 49 
7729 4096 2833 1979 1853 1333 901 803 340 90 49 
7729 4096 2833 1979 1853 1333 901 803 340 90 49 
7729 4096 2833 1979 1853 1333 901 803 340 90 49 
7729 4096 2833 1979 1853 1333 901 803 340 90 49 
12723 4205 3083 1719 945 639 404 73 
12723 4205 3083 1719 945 639 404 73 
12723 4205 3083 1719 945 639 404 73 
12723 4205 3083 1719 945 639 404 73 
12723 4205 3083 1719 945 639 404 73 
12723 4205 3083 1719 945 639 404 73 
12723 4205 3083 1719 945 639 404 73 
12723 4205 3083 1719 945 639 404 73 
12723 4205 3083 1719 945 639 404 73 
12723 4205 3083 1719 945 639 404 73 
7992 7832 3372 2758 1629 1233 813 560 225 51 26 
7992 7832 3372 2758 1629 1233 813 560 225 51 26 
7992 7832 3372 2758 1629 1233 813 560 225 51 26 
7992 7832 3372 2758 1629 1233 813 560 225 51 26 
7992 7832 3372 2758 1629 1233 813 560 225 51 26 
7992 7832 3372 2758 1629 1233 813 560 225 51 26 
7992 7832 3372 2758 1629 1233 813 560 225 51 26 
7992 7832 3372 2758 1629 1233 813 560 225 51 26 
7992 7832 3372 2758 1629 1233 813 560 225 51 26 
7992 7832 3372 2758 1629 1233 813 560 225 51 26 
16291 3434 2204 1748 1177 601 494 243 89 
16291 3434 2204 1748 1177 601 494 243 89 
16291 3434 2204 1748 1177 601 494 243 89 
16291 3434 2204 1748 1177 601 494 243 89 
16291 3434 2204 1748 1177 601 494 243 89 
16291 3434 2204 1748 1177 601 494 243 89 
16291 3434 2204 1748 1177 601 494 243 89 
16291 3434 2204 1748 1177 601 494 243 89 
16291 3434 2204 1748 1177 601 494 243 89 
16291 3434 2204 1748 1177 601 494 243 89 
18184 
7842 5546 1773 812 399 208 
18184 
7842 5546 1773 812 399 208 
18184 
7842 5546 1773 812 399 208 
18184 
7842 5546 1773 812 399 208 
18184 
7842 5546 1773 812 399 208 
18184 
7842 5546 1773 812 399 208 
18184 
7842 5546 1773 812 399 208 
18184 
7842 5546 1773 812 399 208 
18184 
7842 5546 1773 812 399 208 
18184 
7842 5546 1773 812 399 208 
20426 169 158 152 147 88 
20426 169 158 152 147 88 
20426 169 158 152 147 88 
20426 169 158 152 147 88 
20426 169 158 152 147 88 
20426 169 158 152 147 88 
20426 169 158 152 147 88 
20426 169 158 152 147 88 
20426 169 158 152 147 88 
20426 169 158 152 147 88 
4729 155 148 143 142 134 
4729 155 148 143 142 134 
4729 155 148 143 142 134 
4729 155 148 143 142 134 
4729 155 148 143 142 134 
4729 155 148 143 142 134 
4729 155 148 143 142 134 
4729 155 148 143 142 134 
4729 155 148 143 142 134 
4729 155 148 143 142 134 
2456 2429 1086 173 166 161 161 155 151 146 143 141 138 130 
2456 2429 1086 173 166 161 161 155 151 146 143 141 138 130 
2456 2429 1086 173 166 161 161 155 151 146 143 141 138 130 
2456 2429 1086 173 166 161 161 155 151 146 143 141 138 130 
2456 2429 1086 173 166 161 161 155 151 146 143 141 138 130 
2456 2429 1086 173 166 161 161 155 151 146 143 141 138 130 
2456 2429 1086 173 166 161 161 155 151 146 143 141 138 130 
2456 2429 1086 173 166 161 161 155 151 146 143 141 138 130 
2456 2429 1086 173 166 161 161 155 151 146 143 141 138 130 
2456 2429 1086 173 166 161 161 155 151 146 143 141 138 130 
8136 6354 2331 1362 163 155 148 133 
8136 6354 2331 1362 163 155 148 133 
8136 6354 2331 1362 163 155 148 133 
8136 6354 2331 1362 163 155 148 133 
8136 6354 2331 1362 163 155 148 133 
8136 6354 2331 1362 163 155 148 133 
8136 6354 2331 1362 163 155 148 133 
8136 6354 2331 1362 163 155 148 133 
8136 6354 2331 1362 163 155 148 133 
8136 6354 2331 1362 163 155 148 133 
24915 
12097 5592 3927 1783 1069 411 
24915 
12097 5592 3927 1783 1069 411 
24915 
12097 5592 3927 1783 1069 411 
24915 
12097 5592 3927 1783 1069 411 
24915 
12097 5592 3927 1783 1069 411 
24915 
12097 5592 3927 1783 1069 411 
24915 
12097 5592 3927 1783 1069 411 
24915 
12097 5592 3927 1783 1069 411 
24915 
12097 5592 3927 1783 1069 411 
24915 
12097 5592 3927 1783 1069 411 
32297 
23890 2447 417 184 
32297 
23890 2447 417 184 
32297 
23890 2447 417 184 
32297 
23890 2447 417 184 
32297 
23890 2447 417 184 
32297 
23890 2447 417 184 
32297 
23890 2447 417 184 
32297 
23890 2447 417 184 
32297 
23890 2447 417 184 
32297 
23890 2447 417 184 
17355 
4673 4564 3083 2045 589 486 
17355 
4673 4564 3083 2045 589 486 
17355 
4673 4564 3083 2045 589 486 
17355 
4673 4564 3083 2045 589 486 
17355 
4673 4564 3083 2045 589 486 
17355 
4673 4564 3083 2045 589 486 
17355 
4673 4564 3083 2045 589 486 
17355 
4673 4564 3083 2045 589 486 
17355 
4673 4564 3083 2045 589 486 
17355 
4673 4564 3083 2045 589 486 
22576 2996 2857 1668 1057 851 353 150 
22576 2996 2857 1668 1057 851 353 150 
22576 2996 2857 1668 1057 851 353 150 
22576 2996 2857 1668 1057 851 353 150 
22576 2996 2857 1668 1057 851 353 150 
22576 2996 2857 1668 1057 851 353 150 
22576 2996 2857 1668 1057 851 353 150 
22576 2996 2857 1668 1057 851 353 150 
22576 2996 2857 1668 1057 851 353 150 
22576 2996 2857 1668 1057 851 353 150 
25452 
11763 4508 2937 1065 725 
25452 
11763 4508 2937 1065 725 
25452 
11763 4508 2937 1065 725 
25452 
11763 4508 2937 1065 725 
25452 
11763 4508 2937 1065 725 
25452 
11763 4508 2937 1065 725 
25452 
11763 4508 2937 1065 725 
25452 
11763 4508 2937 1065 725 
25452 
11763 4508 2937 1065 725 
25452 
11763 4508 2937 1065 725 
22865 
19943 1382 189 167 
22865 
19943 1382 189 167 
22865 
19943 1382 189 167 
22865 
19943 1382 189 167 
22865 
19943 1382 189 167 
22865 
19943 1382 189 167 
22865 
19943 1382 189 167 
22865 
19943 1382 189 167 
22865 
19943 1382 189 167 
22865 
19943 1382 189 167 
21979 
7542 7409 2583 1181 773 52 
21979 
7542 7409 2583 1181 773 52 
21979 
7542 7409 2583 1181 773 52 
21979 
7542 7409 2583 1181 773 52 
21979 
7542 7409 2583 1181 773 52 
21979 
7542 7409 2583 1181 773 52 
21979 
7542 7409 2583 1181 773 52 
21979 
7542 7409 2583 1181 773 52 
21979 
7542 7409 2583 1181 773 52 
21979 
7542 7409 2583 1181 773 52 
27672 
20987 165 
27672 
20987 165 
27672 
20987 165 
27672 
20987 165 
27672 
20987 165 
27672 
20987 165 
27672 
20987 165 
27672 
20987 165 
27672 
20987 165 
27672 
20987 165 
19636 
11152 3355 2194 589 268 
19636 
11152 3355 2194 589 268 
19636 
11152 3355 2194 589 268 
19636 
11152 3355 2194 589 268 
19636 
11152 3355 2194 589 268 
19636 
11152 3355 2194 589 268 
19636 
11152 3355 2194 589 268 
19636 
11152 3355 2194 589 268 
19636 
11152 3355 2194 589 268 
19636 
11152 3355 2194 589 268 
22304 
11516 4277 1884 1028 365 
22304 
11516 4277 1884 1028 365 
22304 
11516 4277 1884 1028 365 
22304 
11516 4277 1884 1028 365 
22304 
11516 4277 1884 1028 365 
22304 
11516 4277 1884 1028 365 
22304 
11516 4277 1884 1028 365 
22304 
11516 4277 1884 1028 365 
22304 
11516 4277 1884 1028 365 
22304 
11516 4277 1884 1028 365 
29176 
9222 8738 4153 2967 1948 
29176 
9222 8738 4153 2967 1948 
29176 
9222 8738 4153 2967 1948 
29176 
9222 8738 4153 2967 1948 
29176 
9222 8738 4153 2967 1948 
29176 
9222 8738 4153 2967 1948 
29176 
9222 8738 4153 2967 1948 
29176 
9222 8738 4153 2967 1948 
29176 
9222 8738 4153 2967 1948 
29176 
9222 8738 4153 2967 1948 
7776 4990 2570 1439 529 269 
8230 4987 2428 1353 441 89 
7776 4990 2570 1439 529 269 
8230 4987 2428 1353 441 89 
7776 4990 2570 1439 529 269 
8230 4987 2428 1353 441 89 
7776 4990 2570 1439 529 269 
8230 4987 2428 1353 441 89 
7776 4990 2570 1439 529 269 
8230 4987 2428 1353 441 89 
7776 4990 2570 1439 529 269 
8230 4987 2428 1353 441 89 
7776 4990 2570 1439 529 269 
8230 4987 2428 1353 441 89 
7776 4990 2570 1439 529 269 
8230 4987 2428 1353 441 89 
7776 4990 2570 1439 529 269 
8230 4987 2428 1353 441 89 
7776 4990 2570 1439 529 269 
8230 4987 2428 1353 441 89 
21282 
7924 7513 3996 1294 326 
21282 
7924 7513 3996 1294 326 
21282 
7924 7513 3996 1294 326 
21282 
7924 7513 3996 1294 326 
21282 
7924 7513 3996 1294 326 
21282 
7924 7513 3996 1294 326 
21282 
7924 7513 3996 1294 326 
21282 
7924 7513 3996 1294 326 
21282 
7924 7513 3996 1294 326 
21282 
7924 7513 3996 1294 326 
11008 7028 4484 3373 2482 1964 932 625 95 
11008 7028 4484 3373 2482 1964 932 625 95 
11008 7028 4484 3373 2482 1964 932 625 95 
11008 7028 4484 3373 2482 1964 932 625 95 
11008 7028 4484 3373 2482 1964 932 625 95 
11008 7028 4484 3373 2482 1964 932 625 95 
11008 7028 4484 3373 2482 1964 932 625 95 
11008 7028 4484 3373 2482 1964 932 625 95 
11008 7028 4484 3373 2482 1964 932 625 95 
11008 7028 4484 3373 2482 1964 932 625 95 
22978 
9249 3633 2293 1203 413 
22978 
9249 3633 2293 1203 413 
22978 
9249 3633 2293 1203 413 
22978 
9249 3633 2293 1203 413 
22978 
9249 3633 2293 1203 413 
22978 
9249 3633 2293 1203 413 
22978 
9249 3633 2293 1203 413 
22978 
9249 3633 2293 1203 413 
22978 
9249 3633 2293 1203 413 
22978 
9249 3633 2293 1203 413 
7575 7528 3191 1442 
16915 2287 368 159 
7575 7528 3191 1442 
16915 2287 368 159 
7575 7528 3191 1442 
16915 2287 368 159 
7575 7528 3191 1442 
16915 2287 368 159 
7575 7528 3191 1442 
16915 2287 368 159 
7575 7528 3191 1442 
16915 2287 368 159 
7575 7528 3191 1442 
16915 2287 368 159 
7575 7528 3191 1442 
16915 2287 368 159 
7575 7528 3191 1442 
16915 2287 368 159 
7575 7528 3191 1442 
16915 2287 368 159 
5871 5664 2872 1979 1304 
11351 2963 2360 618 70 
5871 5664 2872 1979 1304 
11351 2963 2360 618 70 
5871 5664 2872 1979 1304 
11351 2963 2360 618 70 
5871 5664 2872 1979 1304 
11351 2963 2360 618 70 
5871 5664 2872 1979 1304 
11351 2963 2360 618 70 
5871 5664 2872 1979 1304 
11351 2963 2360 618 70 
5871 5664 2872 1979 1304 
11351 2963 2360 618 70 
5871 5664 2872 1979 1304 
11351 2963 2360 618 70 
5871 5664 2872 1979 1304 
11351 2963 2360 618 70 
5871 5664 2872 1979 1304 
11351 2963 2360 618 70 
5816 5655 3653 2237 1167 
17598 600 182 
5816 5655 3653 2237 1167 
17598 600 182 
5816 5655 3653 2237 1167 
17598 600 182 
5816 5655 3653 2237 1167 
17598 600 182 
5816 5655 3653 2237 1167 
17598 600 182 
5816 5655 3653 2237 1167 
17598 600 182 
5816 5655 3653 2237 1167 
17598 600 182 
5816 5655 3653 2237 1167 
17598 600 182 
5816 5655 3653 2237 1167 
17598 600 182 
5816 5655 3653 2237 1167 
17598 600 182 
20561 
5684 4258 2972 2024 486 118 
20561 
5684 4258 2972 2024 486 118 
20561 
5684 4258 2972 2024 486 118 
20561 
5684 4258 2972 2024 486 118 
20561 
5684 4258 2972 2024 486 118 
20561 
5684 4258 2972 2024 486 118 
20561 
5684 4258 2972 2024 486 118 
20561 
5684 4258 2972 2024 486 118 
20561 
5684 4258 2972 2024 486 118 
20561 
5684 4258 2972 2024 486 118 
18489 1498 931 
15514 2796 1808 532 117 
18489 1498 931 
15514 2796 1808 532 117 
18489 1498 931 
15514 2796 1808 532 117 
18489 1498 931 
15514 2796 1808 532 117 
18489 1498 931 
15514 2796 1808 532 117 
18489 1498 931 
15514 2796 1808 532 117 
18489 1498 931 
15514 2796 1808 532 117 
18489 1498 931 
15514 2796 1808 532 117 
18489 1498 931 
15514 2796 1808 532 117 
18489 1498 931 
15514 2796 1808 532 117 
28898 
12037 4628 2227 1294 911 262 
28898 
12037 4628 2227 1294 911 262 
28898 
12037 4628 2227 1294 911 262 
28898 
12037 4628 2227 1294 911 262 
28898 
12037 4628 2227 1294 911 262 
28898 
12037 4628 2227 1294 911 262 
28898 
12037 4628 2227 1294 911 262 
28898 
12037 4628 2227 1294 911 262 
28898 
12037 4628 2227 1294 911 262 
28898 
12037 4628 2227 1294 911 262 
13280 4031 1784 304 
9959 5678 2027 1441 164 
13280 4031 1784 304 
9959 5678 2027 1441 164 
13280 4031 1784 304 
9959 5678 2027 1441 164 
13280 4031 1784 304 
9959 5678 2027 1441 164 
13280 4031 1784 304 
9959 5678 2027 1441 164 
13280 4031 1784 304 
9959 5678 2027 1441 164 
13280 4031 1784 304 
9959 5678 2027 1441 164 
13280 4031 1784 304 
9959 5678 2027 1441 164 
13280 4031 1784 304 
9959 5678 2027 1441 164 
13280 4031 1784 304 
9959 5678 2027 1441 164 
26742 
12131 5723 2263 1305 222 
26742 
12131 5723 2263 1305 222 
26742 
12131 5723 2263 1305 222 
26742 
12131 5723 2263 1305 222 
26742 
12131 5723 2263 1305 222 
26742 
12131 5723 2263 1305 222 
26742 
12131 5723 2263 1305 222 
26742 
12131 5723 2263 1305 222 
26742 
12131 5723 2263 1305 222 
26742 
12131 5723 2263 1305 222 
13553 5818 4143 2690 1991 1365 889 488 291 
13553 5818 4143 2690 1991 1365 889 488 291 
13553 5818 4143 2690 1991 1365 889 488 291 
13553 5818 4143 2690 1991 1365 889 488 291 
13553 5818 4143 2690 1991 1365 889 488 291 
13553 5818 4143 2690 1991 1365 889 488 291 
13553 5818 4143 2690 1991 1365 889 488 291 
13553 5818 4143 2690 1991 1365 889 488 291 
13553 5818 4143 2690 1991 1365 889 488 291 
13553 5818 4143 2690 1991 1365 889 488 291 
24771 
14626 2891 2224 618 103 
24771 
14626 2891 2224 618 103 
24771 
14626 2891 2224 618 103 
24771 
14626 2891 2224 618 103 
24771 
14626 2891 2224 618 103 
24771 
14626 2891 2224 618 103 
24771 
14626 2891 2224 618 103 
24771 
14626 2891 2224 618 103 
24771 
14626 2891 2224 618 103 
24771 
14626 2891 2224 618 103 
26711 
14656 2613 1406 175 
26711 
14656 2613 1406 175 
26711 
14656 2613 1406 175 
26711 
14656 2613 1406 175 
26711 
14656 2613 1406 175 
26711 
14656 2613 1406 175 
26711 
14656 2613 1406 175 
26711 
14656 2613 1406 175 
26711 
14656 2613 1406 175 
26711 
14656 2613 1406 175 
12281 4941 2414 2157 657 
20982 1295 
12281 4941 2414 2157 657 
20982 1295 
12281 4941 2414 2157 657 
20982 1295 
12281 4941 2414 2157 657 
20982 1295 
12281 4941 2414 2157 657 
20982 1295 
12281 4941 2414 2157 657 
20982 1295 
12281 4941 2414 2157 657 
20982 1295 
12281 4941 2414 2157 657 
20982 1295 
12281 4941 2414 2157 657 
20982 1295 
12281 4941 2414 2157 657 
20982 1295 
19478 
14802 339 
19478 
14802 339 
19478 
14802 339 
19478 
14802 339 
19478 
14802 339 
19478 
14802 339 
19478 
14802 339 
19478 
14802 339 
19478 
14802 339 
19478 
14802 339 
27818 
9645 5353 3696 2078 761 169 
27818 
9645 5353 3696 2078 761 169 
27818 
9645 5353 3696 2078 761 169 
27818 
9645 5353 3696 2078 761 169 
27818 
9645 5353 3696 2078 761 169 
27818 
9645 5353 3696 2078 761 169 
27818 
9645 5353 3696 2078 761 169 
27818 
9645 5353 3696 2078 761 169 
27818 
9645 5353 3696 2078 761 169 
27818 
9645 5353 3696 2078 761 169 
15846 3733 2487 2057 1430 610 454 54 
15846 3733 2487 2057 1430 610 454 54 
15846 3733 2487 2057 1430 610 454 54 
15846 3733 2487 2057 1430 610 454 54 
15846 3733 2487 2057 1430 610 454 54 
15846 3733 2487 2057 1430 610 454 54 
15846 3733 2487 2057 1430 610 454 54 
15846 3733 2487 2057 1430 610 454 54 
15846 3733 2487 2057 1430 610 454 54 
15846 3733 2487 2057 1430 610 454 54 
9941 7400 3185 2382 350 184 
13226 4307 3033 2285 552 
9941 7400 3185 2382 350 184 
13226 4307 3033 2285 552 
9941 7400 3185 2382 350 184 
13226 4307 3033 2285 552 
9941 7400 3185 2382 350 184 
13226 4307 3033 2285 552 
9941 7400 3185 2382 350 184 
13226 4307 3033 2285 552 
9941 7400 3185 2382 350 184 
13226 4307 3033 2285 552 
9941 7400 3185 2382 350 184 
13226 4307 3033 2285 552 
9941 7400 3185 2382 350 184 
13226 4307 3033 2285 552 
9941 7400 3185 2382 350 184 
13226 4307 3033 2285 552 
9941 7400 3185 2382 350 184 
13226 4307 3033 2285 552 
10262 7360 4258 3256 2688 1286 1092 61 
10262 7360 4258 3256 2688 1286 1092 61 
10262 7360 4258 3256 2688 1286 1092 61 
10262 7360 4258 3256 2688 1286 1092 61 
10262 7360 4258 3256 2688 1286 1092 61 
10262 7360 4258 3256 2688 1286 1092 61 
10262 7360 4258 3256 2688 1286 1092 61 
10262 7360 4258 3256 2688 1286 1092 61 
10262 7360 4258 3256 2688 1286 1092 61 
10262 7360 4258 3256 2688 1286 1092 61 
19172 
7266 4585 1822 1505 1113 146 
19172 
7266 4585 1822 1505 1113 146 
19172 
7266 4585 1822 1505 1113 146 
19172 
7266 4585 1822 1505 1113 146 
19172 
7266 4585 1822 1505 1113 146 
19172 
7266 4585 1822 1505 1113 146 
19172 
7266 4585 1822 1505 1113 146 
19172 
7266 4585 1822 1505 1113 146 
19172 
7266 4585 1822 1505 1113 146 
19172 
7266 4585 1822 1505 1113 146 
27659 
12876 3237 1378 305 201 
27659 
12876 3237 1378 305 201 
27659 
12876 3237 1378 305 201 
27659 
12876 3237 1378 305 201 
27659 
12876 3237 1378 305 201 
27659 
12876 3237 1378 305 201 
27659 
12876 3237 1378 305 201 
27659 
12876 3237 1378 305 201 
27659 
12876 3237 1378 305 201 
27659 
12876 3237 1378 305 201 
18041 
5731 5729 2988 1551 137 87 
18041 
5731 5729 2988 1551 137 87 
18041 
5731 5729 2988 1551 137 87 
18041 
5731 5729 2988 1551 137 87 
18041 
5731 5729 2988 1551 137 87 
18041 
5731 5729 2988 1551 137 87 
18041 
5731 5729 2988 1551 137 87 
18041 
5731 5729 2988 1551 137 87 
18041 
5731 5729 2988 1551 137 87 
18041 
5731 5729 2988 1551 137 87 
13268 4689 2810 2230 1624 1437 488 180 
13268 4689 2810 2230 1624 1437 488 180 
13268 4689 2810 2230 1624 1437 488 180 
13268 4689 2810 2230 1624 1437 488 180 
13268 4689 2810 2230 1624 1437 488 180 
13268 4689 2810 2230 1624 1437 488 180 
13268 4689 2810 2230 1624 1437 488 180 
13268 4689 2810 2230 1624 1437 488 180 
13268 4689 2810 2230 1624 1437 488 180 
13268 4689 2810 2230 1624 1437 488 180 
25871 
10844 4131 3022 864 140 
25871 
10844 4131 3022 864 140 
25871 
10844 4131 3022 864 140 
25871 
10844 4131 3022 864 140 
25871 
10844 4131 3022 864 140 
25871 
10844 4131 3022 864 140 
25871 
10844 4131 3022 864 140 
25871 
10844 4131 3022 864 140 
25871 
10844 4131 3022 864 140 
25871 
10844 4131 3022 864 140 
19235 
14888 562 107 45 
19235 
14888 562 107 45 
19235 
14888 562 107 45 
19235 
14888 562 107 45 
19235 
14888 562 107 45 
19235 
14888 562 107 45 
19235 
14888 562 107 45 
19235 
14888 562 107 45 
19235 
14888 562 107 45 
19235 
14888 562 107 45 
21508 
10584 4292 2855 2150 115 
21508 
10584 4292 2855 2150 115 
21508 
10584 4292 2855 2150 115 
21508 
10584 4292 2855 2150 115 
21508 
10584 4292 2855 2150 115 
21508 
10584 4292 2855 2150 115 
21508 
10584 4292 2855 2150 115 
21508 
10584 4292 2855 2150 115 
21508 
10584 4292 2855 2150 115 
21508 
10584 4292 2855 2150 115 
9937 6982 3944 3289 2113 1726 1378 383 112 
9937 6982 3944 3289 2113 1726 1378 383 112 
9937 6982 3944 3289 2113 1726 1378 383 112 
9937 6982 3944 3289 2113 1726 1378 383 112 
9937 6982 3944 3289 2113 1726 1378 383 112 
9937 6982 3944 3289 2113 1726 1378 383 112 
9937 6982 3944 3289 2113 1726 1378 383 112 
9937 6982 3944 3289 2113 1726 1378 383 112 
9937 6982 3944 3289 2113 1726 1378 383 112 
9937 6982 3944 3289 2113 1726 1378 383 112 
8826 5913 2543 1956 
9412 5811 2283 1650 63 
8826 5913 2543 1956 
9412 5811 2283 1650 63 
8826 5913 2543 1956 
9412 5811 2283 1650 63 
8826 5913 2543 1956 
9412 5811 2283 1650 63 
8826 5913 2543 1956 
9412 5811 2283 1650 63 
8826 5913 2543 1956 
9412 5811 2283 1650 63 
8826 5913 2543 1956 
9412 5811 2283 1650 63 
8826 5913 2543 1956 
9412 5811 2283 1650 63 
8826 5913 2543 1956 
9412 5811 2283 1650 63 
8826 5913 2543 1956 
9412 5811 2283 1650 63 
21385 
4773 4531 2717 1700 1126 429 403 
21385 
4773 4531 2717 1700 1126 429 403 
21385 
4773 4531 2717 1700 1126 429 403 
21385 
4773 4531 2717 1700 1126 429 403 
21385 
4773 4531 2717 1700 1126 429 403 
21385 
4773 4531 2717 1700 1126 429 403 
21385 
4773 4531 2717 1700 1126 429 403 
21385 
4773 4531 2717 1700 1126 429 403 
21385 
4773 4531 2717 1700 1126 429 403 
21385 
4773 4531 2717 1700 1126 429 403 
13195 5784 1695 155 
10047 6531 2704 1418 74 
13195 5784 1695 155 
10047 6531 2704 1418 74 
13195 5784 1695 155 
10047 6531 2704 1418 74 
13195 5784 1695 155 
10047 6531 2704 1418 74 
13195 5784 1695 155 
10047 6531 2704 1418 74 
13195 5784 1695 155 
10047 6531 2704 1418 74 
13195 5784 1695 155 
10047 6531 2704 1418 74 
13195 5784 1695 155 
10047 6531 2704 1418 74 
13195 5784 1695 155 
10047 6531 2704 1418 74 
13195 5784 1695 155 
10047 6531 2704 1418 74 
6829 6710 3156 2353 1643 1010 738 213 166 
6829 6710 3156 2353 1643 1010 738 213 166 
6829 6710 3156 2353 1643 1010 738 213 166 
6829 6710 3156 2353 1643 1010 738 213 166 
6829 6710 3156 2353 1643 1010 738 213 166 
6829 6710 3156 2353 1643 1010 738 213 166 
6829 6710 3156 2353 1643 1010 738 213 166 
6829 6710 3156 2353 1643 1010 738 213 166 
6829 6710 3156 2353 1643 1010 738 213 166 
6829 6710 3156 2353 1643 1010 738 213 166 
14623 6330 5022 3628 2023 1107 804 326 87 
14623 6330 5022 3628 2023 1107 804 326 87 
14623 6330 5022 3628 2023 1107 804 326 87 
14623 6330 5022 3628 2023 1107 804 326 87 
14623 6330 5022 3628 2023 1107 804 326 87 
14623 6330 5022 3628 2023 1107 804 326 87 
14623 6330 5022 3628 2023 1107 804 326 87 
14623 6330 5022 3628 2023 1107 804 326 87 
14623 6330 5022 3628 2023 1107 804 326 87 
14623 6330 5022 3628 2023 1107 804 326 87 
13483 4295 2250 1648 1295 1009 730 430 74 
13483 4295 2250 1648 1295 1009 730 430 74 
13483 4295 2250 1648 1295 1009 730 430 74 
13483 4295 2250 1648 1295 1009 730 430 74 
13483 4295 2250 1648 1295 1009 730 430 74 
13483 4295 2250 1648 1295 1009 730 430 74 
13483 4295 2250 1648 1295 1009 730 430 74 
13483 4295 2250 1648 1295 1009 730 430 74 
13483 4295 2250 1648 1295 1009 730 430 74 
13483 4295 2250 1648 1295 1009 730 430 74 
23330 
15998 2375 946 201 
23330 
15998 2375 946 201 
23330 
15998 2375 946 201 
23330 
15998 2375 946 201 
23330 
15998 2375 946 201 
23330 
15998 2375 946 201 
23330 
15998 2375 946 201 
23330 
15998 2375 946 201 
23330 
15998 2375 946 201 
23330 
15998 2375 946 201 
22189 
8375 3705 1422 801 376 
22189 
8375 3705 1422 801 376 
22189 
8375 3705 1422 801 376 
22189 
8375 3705 1422 801 376 
22189 
8375 3705 1422 801 376 
22189 
8375 3705 1422 801 376 
22189 
8375 3705 1422 801 376 
22189 
8375 3705 1422 801 376 
22189 
8375 3705 1422 801 376 
22189 
8375 3705 1422 801 376 
27853 
20120 1491 1160 35 
27853 
20120 1491 1160 35 
27853 
20120 1491 1160 35 
27853 
20120 1491 1160 35 
27853 
20120 1491 1160 35 
27853 
20120 1491 1160 35 
27853 
20120 1491 1160 35 
27853 
20120 1491 1160 35 
27853 
20120 1491 1160 35 
27853 
20120 1491 1160 35 
23469 
6783 5470 3363 1846 1279 130 
23469 
6783 5470 3363 1846 1279 130 
23469 
6783 5470 3363 1846 1279 130 
23469 
6783 5470 3363 1846 1279 130 
23469 
6783 5470 3363 1846 1279 130 
23469 
6783 5470 3363 1846 1279 130 
23469 
6783 5470 3363 1846 1279 130 
23469 
6783 5470 3363 1846 1279 130 
23469 
6783 5470 3363 1846 1279 130 
23469 
6783 5470 3363 1846 1279 130 
10215 9487 6979 2880 1917 1253 466 262 106 
10215 9487 6979 2880 1917 1253 466 262 106 
10215 9487 6979 2880 1917 1253 466 262 106 
10215 9487 6979 2880 1917 1253 466 262 106 
10215 9487 6979 2880 1917 1253 466 262 106 
10215 9487 6979 2880 1917 1253 466 262 106 
10215 9487 6979 2880 1917 1253 466 262 106 
10215 9487 6979 2880 1917 1253 466 262 106 
10215 9487 6979 2880 1917 1253 466 262 106 
10215 9487 6979 2880 1917 1253 466 262 106 
24405 
7956 5035 2796 1038 61 
24405 
7956 5035 2796 1038 61 
24405 
7956 5035 2796 1038 61 
24405 
7956 5035 2796 1038 61 
24405 
7956 5035 2796 1038 61 
24405 
7956 5035 2796 1038 61 
24405 
7956 5035 2796 1038 61 
24405 
7956 5035 2796 1038 61 
24405 
7956 5035 2796 1038 61 
24405 
7956 5035 2796 1038 61 
15832 1401 606 
8174 4691 3285 920 795 
15832 1401 606 
8174 4691 3285 920 795 
15832 1401 606 
8174 4691 3285 920 795 
15832 1401 606 
8174 4691 3285 920 795 
15832 1401 606 
8174 4691 3285 920 795 
15832 1401 606 
8174 4691 3285 920 795 
15832 1401 606 
8174 4691 3285 920 795 
15832 1401 606 
8174 4691 3285 920 795 
15832 1401 606 
8174 4691 3285 920 795 
15832 1401 606 
8174 4691 3285 920 795 
12799 5958 2757 859 
6914 6889 4569 3145 551 350 
12799 5958 2757 859 
6914 6889 4569 3145 551 350 
12799 5958 2757 859 
6914 6889 4569 3145 551 350 
12799 5958 2757 859 
6914 6889 4569 3145 551 350 
12799 5958 2757 859 
6914 6889 4569 3145 551 350 
12799 5958 2757 859 
6914 6889 4569 3145 551 350 
12799 5958 2757 859 
6914 6889 4569 3145 551 350 
12799 5958 2757 859 
6914 6889 4569 3145 551 350 
12799 5958 2757 859 
6914 6889 4569 3145 551 350 
12799 5958 2757 859 
6914 6889 4569 3145 551 350 
22505 
10641 4611 2710 1170 103 
22505 
10641 4611 2710 1170 103 
22505 
10641 4611 2710 1170 103 
22505 
10641 4611 2710 1170 103 
22505 
10641 4611 2710 1170 103 
22505 
10641 4611 2710 1170 103 
22505 
10641 4611 2710 1170 103 
22505 
10641 4611 2710 1170 103 
22505 
10641 4611 2710 1170 103 
22505 
10641 4611 2710 1170 103 
27665 
15280 1640 1104 437 
27665 
15280 1640 1104 437 
27665 
15280 1640 1104 437 
27665 
15280 1640 1104 437 
27665 
15280 1640 1104 437 
27665 
15280 1640 1104 437 
27665 
15280 1640 1104 437 
27665 
15280 1640 1104 437 
27665 
15280 1640 1104 437 
27665 
15280 1640 1104 437 
18219 2631 1691 1410 1160 467 97 
18219 2631 1691 1410 1160 467 97 
18219 2631 1691 1410 1160 467 97 
18219 2631 1691 1410 1160 467 97 
18219 2631 1691 1410 1160 467 97 
18219 2631 1691 1410 1160 467 97 
18219 2631 1691 1410 1160 467 97 
18219 2631 1691 1410 1160 467 97 
18219 2631 1691 1410 1160 467 97 
18219 2631 1691 1410 1160 467 97 
18976 5206 2991 1731 1016 703 215 
18976 5206 2991 1731 1016 703 215 
18976 5206 2991 1731 1016 703 215 
18976 5206 2991 1731 1016 703 215 
18976 5206 2991 1731 1016 703 215 
18976 5206 2991 1731 1016 703 215 
18976 5206 2991 1731 1016 703 215 
18976 5206 2991 1731 1016 703 215 
18976 5206 2991 1731 1016 703 215 
18976 5206 2991 1731 1016 703 215 
21089 
17132 1750 905 171 
21089 
17132 1750 905 171 
21089 
17132 1750 905 171 
21089 
17132 1750 905 171 
21089 
17132 1750 905 171 
21089 
17132 1750 905 171 
21089 
17132 1750 905 171 
21089 
17132 1750 905 171 
21089 
17132 1750 905 171 
21089 
17132 1750 905 171 
19869 
7046 4341 2925 2091 945 325 183 
19869 
7046 4341 2925 2091 945 325 183 
19869 
7046 4341 2925 2091 945 325 183 
19869 
7046 4341 2925 2091 945 325 183 
19869 
7046 4341 2925 2091 945 325 183 
19869 
7046 4341 2925 2091 945 325 183 
19869 
7046 4341 2925 2091 945 325 183 
19869 
7046 4341 2925 2091 945 325 183 
19869 
7046 4341 2925 2091 945 325 183 
19869 
7046 4341 2925 2091 945 325 183 
5889 4972 4012 1726 619 
8035 4388 2465 1719 230 
5889 4972 4012 1726 619 
8035 4388 2465 1719 230 
5889 4972 4012 1726 619 
8035 4388 2465 1719 230 
5889 4972 4012 1726 619 
8035 4388 2465 1719 230 
5889 4972 4012 1726 619 
8035 4388 2465 1719 230 
5889 4972 4012 1726 619 
8035 4388 2465 1719 230 
5889 4972 4012 1726 619 
8035 4388 2465 1719 230 
5889 4972 4012 1726 619 
8035 4388 2465 1719 230 
5889 4972 4012 1726 619 
8035 4388 2465 1719 230 
5889 4972 4012 1726 619 
8035 4388 2465 1719 230 
19460 
8098 4741 2195 1993 445 153 
19460 
8098 4741 2195 1993 445 153 
19460 
8098 4741 2195 1993 445 153 
19460 
8098 4741 2195 1993 445 153 
19460 
8098 4741 2195 1993 445 153 
19460 
8098 4741 2195 1993 445 153 
19460 
8098 4741 2195 1993 445 153 
19460 
8098 4741 2195 1993 445 153 
19460 
8098 4741 2195 1993 445 153 
19460 
8098 4741 2195 1993 445 153 
8461 7386 5771 3619 2696 1208 1093 298 57 
8461 7386 5771 3619 2696 1208 1093 298 57 
8461 7386 5771 3619 2696 1208 1093 298 57 
8461 7386 5771 3619 2696 1208 1093 298 57 
8461 7386 5771 3619 2696 1208 1093 298 57 
8461 7386 5771 3619 2696 1208 1093 298 57 
8461 7386 5771 3619 2696 1208 1093 298 57 
8461 7386 5771 3619 2696 1208 1093 298 57 
8461 7386 5771 3619 2696 1208 1093 298 57 
8461 7386 5771 3619 2696 1208 1093 298 57 
17411 3411 1576 470 
8541 7689 3767 2528 291 
17411 3411 1576 470 
8541 7689 3767 2528 291 
17411 3411 1576 470 
8541 7689 3767 2528 291 
17411 3411 1576 470 
8541 7689 3767 2528 291 
17411 3411 1576 470 
8541 7689 3767 2528 291 
17411 3411 1576 470 
8541 7689 3767 2528 291 
17411 3411 1576 470 
8541 7689 3767 2528 291 
17411 3411 1576 470 
8541 7689 3767 2528 291 
17411 3411 1576 470 
8541 7689 3767 2528 291 
17411 3411 1576 470 
8541 7689 3767 2528 291 
23545 
5865 5381 2838 2016 619 375 
23545 
5865 5381 2838 2016 619 375 
23545 
5865 5381 2838 2016 619 375 
23545 
5865 5381 2838 2016 619 375 
23545 
5865 5381 2838 2016 619 375 
23545 
5865 5381 2838 2016 619 375 
23545 
5865 5381 2838 2016 619 375 
23545 
5865 5381 2838 2016 619 375 
23545 
5865 5381 2838 2016 619 375 
23545 
5865 5381 2838 2016 619 375 
10431 6640 5342 4003 2652 1674 1416 1049 171 
10431 6640 5342 4003 2652 1674 1416 1049 171 
10431 6640 5342 4003 2652 1674 1416 1049 171 
10431 6640 5342 4003 2652 1674 1416 1049 171 
10431 6640 5342 4003 2652 1674 1416 1049 171 
10431 6640 5342 4003 2652 1674 1416 1049 171 
10431 6640 5342 4003 2652 1674 1416 1049 171 
10431 6640 5342 4003 2652 1674 1416 1049 171 
10431 6640 5342 4003 2652 1674 1416 1049 171 
10431 6640 5342 4003 2652 1674 1416 1049 171 
13551 3834 1310 276 
16724 2087 
13551 3834 1310 276 
16724 2087 
13551 3834 1310 276 
16724 2087 
13551 3834 1310 276 
16724 2087 
13551 3834 1310 276 
16724 2087 
13551 3834 1310 276 
16724 2087 
13551 3834 1310 276 
16724 2087 
13551 3834 1310 276 
16724 2087 
13551 3834 1310 276 
16724 2087 
13551 3834 1310 276 
16724 2087 
21393 
13664 3939 2655 1145 
21393 
13664 3939 2655 1145 
21393 
13664 3939 2655 1145 
21393 
13664 3939 2655 1145 
21393 
13664 3939 2655 1145 
21393 
13664 3939 2655 1145 
21393 
13664 3939 2655 1145 
21393 
13664 3939 2655 1145 
21393 
13664 3939 2655 1145 
21393 
13664 3939 2655 1145 
8273 8209 2769 1403 
9265 7027 3010 1361 
8273 8209 2769 1403 
9265 7027 3010 1361 
8273 8209 2769 1403 
9265 7027 3010 1361 
8273 8209 2769 1403 
9265 7027 3010 1361 
8273 8209 2769 1403 
9265 7027 3010 1361 
8273 8209 2769 1403 
9265 7027 3010 1361 
8273 8209 2769 1403 
9265 7027 3010 1361 
8273 8209 2769 1403 
9265 7027 3010 1361 
8273 8209 2769 1403 
9265 7027 3010 1361 
8273 8209 2769 1403 
9265 7027 3010 1361 
22571 
12013 4676 2583 1708 386 266 
22571 
12013 4676 2583 1708 386 266 
22571 
12013 4676 2583 1708 386 266 
22571 
12013 4676 2583 1708 386 266 
22571 
12013 4676 2583 1708 386 266 
22571 
12013 4676 2583 1708 386 266 
22571 
12013 4676 2583 1708 386 266 
22571 
12013 4676 2583 1708 386 266 
22571 
12013 4676 2583 1708 386 266 
22571 
12013 4676 2583 1708 386 266 
26102 
10218 5526 4466 2914 1435 149 
26102 
10218 5526 4466 2914 1435 149 
26102 
10218 5526 4466 2914 1435 149 
26102 
10218 5526 4466 2914 1435 149 
26102 
10218 5526 4466 2914 1435 149 
26102 
10218 5526 4466 2914 1435 149 
26102 
10218 5526 4466 2914 1435 149 
26102 
10218 5526 4466 2914 1435 149 
26102 
10218 5526 4466 2914 1435 149 
26102 
10218 5526 4466 2914 1435 149 
20203 
4891 4196 3479 1967 1400 369 173 
20203 
4891 4196 3479 1967 1400 369 173 
20203 
4891 4196 3479 1967 1400 369 173 
20203 
4891 4196 3479 1967 1400 369 173 
20203 
4891 4196 3479 1967 1400 369 173 
20203 
4891 4196 3479 1967 1400 369 173 
20203 
4891 4196 3479 1967 1400 369 173 
20203 
4891 4196 3479 1967 1400 369 173 
20203 
4891 4196 3479 1967 1400 369 173 
20203 
4891 4196 3479 1967 1400 369 173 
17721 2398 1921 1443 1091 697 668 
17721 2398 1921 1443 1091 697 668 
17721 2398 1921 1443 1091 697 668 
17721 2398 1921 1443 1091 697 668 
17721 2398 1921 1443 1091 697 668 
17721 2398 1921 1443 1091 697 668 
17721 2398 1921 1443 1091 697 668 
17721 2398 1921 1443 1091 697 668 
17721 2398 1921 1443 1091 697 668 
17721 2398 1921 1443 1091 697 668 
20686 
6276 3816 2272 1506 1260 294 
20686 
6276 3816 2272 1506 1260 294 
20686 
6276 3816 2272 1506 1260 294 
20686 
6276 3816 2272 1506 1260 294 
20686 
6276 3816 2272 1506 1260 294 
20686 
6276 3816 2272 1506 1260 294 
20686 
6276 3816 2272 1506 1260 294 
20686 
6276 3816 2272 1506 1260 294 
20686 
6276 3816 2272 1506 1260 294 
20686 
6276 3816 2272 1506 1260 294 
7954 4536 3617 1535 1182 
13849 2838 1408 329 
7954 4536 3617 1535 1182 
13849 2838 1408 329 
7954 4536 3617 1535 1182 
13849 2838 1408 329 
7954 4536 3617 1535 1182 
13849 2838 1408 329 
7954 4536 3617 1535 1182 
13849 2838 1408 329 
7954 4536 3617 1535 1182 
13849 2838 1408 329 
7954 4536 3617 1535 1182 
13849 2838 1408 329 
7954 4536 3617 1535 1182 
13849 2838 1408 329 
7954 4536 3617 1535 1182 
13849 2838 1408 329 
7954 4536 3617 1535 1182 
13849 2838 1408 329 
12658 6225 3933 2688 1949 1257 1030 585 
12658 6225 3933 2688 1949 1257 1030 585 
12658 6225 3933 2688 1949 1257 1030 585 
12658 6225 3933 2688 1949 1257 1030 585 
12658 6225 3933 2688 1949 1257 1030 585 
12658 6225 3933 2688 1949 1257 1030 585 
12658 6225 3933 2688 1949 1257 1030 585 
12658 6225 3933 2688 1949 1257 1030 585 
12658 6225 3933 2688 1949 1257 1030 585 
12658 6225 3933 2688 1949 1257 1030 585 
15560 4642 2476 2026 1548 814 518 29 
15560 4642 2476 2026 1548 814 518 29 
15560 4642 2476 2026 1548 814 518 29 
15560 4642 2476 2026 1548 814 518 29 
15560 4642 2476 2026 1548 814 518 29 
15560 4642 2476 2026 1548 814 518 29 
15560 4642 2476 2026 1548 814 518 29 
15560 4642 2476 2026 1548 814 518 29 
15560 4642 2476 2026 1548 814 518 29 
15560 4642 2476 2026 1548 814 518 29 
13750 7282 3275 1998 1554 991 619 291 67 
13750 7282 3275 1998 1554 991 619 291 67 
13750 7282 3275 1998 1554 991 619 291 67 
13750 7282 3275 1998 1554 991 619 291 67 
13750 7282 3275 1998 1554 991 619 291 67 
13750 7282 3275 1998 1554 991 619 291 67 
13750 7282 3275 1998 1554 991 619 291 67 
13750 7282 3275 1998 1554 991 619 291 67 
13750 7282 3275 1998 1554 991 619 291 67 
13750 7282 3275 1998 1554 991 619 291 67 
9178 3166 2038 1117 673 535 171 
9178 3166 2038 1117 673 535 171 
9178 3166 2038 1117 673 535 171 
9178 3166 2038 1117 673 535 171 
9178 3166 2038 1117 673 535 171 
9178 3166 2038 1117 673 535 171 
9178 3166 2038 1117 673 535 171 
9178 3166 2038 1117 673 535 171 
9178 3166 2038 1117 673 535 171 
9178 3166 2038 1117 673 535 171 
9998 8616 5816 3123 1920 1523 938 162 85 
9998 8616 5816 3123 1920 1523 938 162 85 
9998 8616 5816 3123 1920 1523 938 162 85 
9998 8616 5816 3123 1920 1523 938 162 85 
9998 8616 5816 3123 1920 1523 938 162 85 
9998 8616 5816 3123 1920 1523 938 162 85 
9998 8616 5816 3123 1920 1523 938 162 85 
9998 8616 5816 3123 1920 1523 938 162 85 
9998 8616 5816 3123 1920 1523 938 162 85 
9998 8616 5816 3123 1920 1523 938 162 85 
23331 
7782 4581 3318 2315 924 783 183 
23331 
7782 4581 3318 2315 924 783 183 
23331 
7782 4581 3318 2315 924 783 183 
23331 
7782 4581 3318 2315 924 783 183 
23331 
7782 4581 3318 2315 924 783 183 
23331 
7782 4581 3318 2315 924 783 183 
23331 
7782 4581 3318 2315 924 783 183 
23331 
7782 4581 3318 2315 924 783 183 
23331 
7782 4581 3318 2315 924 783 183 
23331 
7782 4581 3318 2315 924 783 183 
20603 
10662 4866 2063 1115 185 153 
20603 
10662 4866 2063 1115 185 153 
20603 
10662 4866 2063 1115 185 153 
20603 
10662 4866 2063 1115 185 153 
20603 
10662 4866 2063 1115 185 153 
20603 
10662 4866 2063 1115 185 153 
20603 
10662 4866 2063 1115 185 153 
20603 
10662 4866 2063 1115 185 153 
20603 
10662 4866 2063 1115 185 153 
20603 
10662 4866 2063 1115 185 153 
8005 6997 2359 1641 422 
11450 5092 1989 748 183 
8005 6997 2359 1641 422 
11450 5092 1989 748 183 
8005 6997 2359 1641 422 
11450 5092 1989 748 183 
8005 6997 2359 1641 422 
11450 5092 1989 748 183 
8005 6997 2359 1641 422 
11450 5092 1989 748 183 
8005 6997 2359 1641 422 
11450 5092 1989 748 183 
8005 6997 2359 1641 422 
11450 5092 1989 748 183 
8005 6997 2359 1641 422 
11450 5092 1989 748 183 
8005 6997 2359 1641 422 
11450 5092 1989 748 183 
8005 6997 2359 1641 422 
11450 5092 1989 748 183 
8342 5152 4774 2442 2187 1481 784 759 
8342 5152 4774 2442 2187 1481 784 759 
8342 5152 4774 2442 2187 1481 784 759 
8342 5152 4774 2442 2187 1481 784 759 
8342 5152 4774 2442 2187 1481 784 759 
8342 5152 4774 2442 2187 1481 784 759 
8342 5152 4774 2442 2187 1481 784 759 
8342 5152 4774 2442 2187 1481 784 759 
8342 5152 4774 2442 2187 1481 784 759 
8342 5152 4774 2442 2187 1481 784 759 
23418 
15447 2355 381 207 186 89 
23418 
15447 2355 381 207 186 89 
23418 
15447 2355 381 207 186 89 
23418 
15447 2355 381 207 186 89 
23418 
15447 2355 381 207 186 89 
23418 
15447 2355 381 207 186 89 
23418 
15447 2355 381 207 186 89 
23418 
15447 2355 381 207 186 89 
23418 
15447 2355 381 207 186 89 
23418 
15447 2355 381 207 186 89 
11805 5747 3096 2843 1545 1217 909 754 211 77 
11805 5747 3096 2843 1545 1217 909 754 211 77 
11805 5747 3096 2843 1545 1217 909 754 211 77 
11805 5747 3096 2843 1545 1217 909 754 211 77 
11805 5747 3096 2843 1545 1217 909 754 211 77 
11805 5747 3096 2843 1545 1217 909 754 211 77 
11805 5747 3096 2843 1545 1217 909 754 211 77 
11805 5747 3096 2843 1545 1217 909 754 211 77 
11805 5747 3096 2843 1545 1217 909 754 211 77 
11805 5747 3096 2843 1545 1217 909 754 211 77 
23592 1895 1415 925 716 305 
23592 1895 1415 925 716 305 
23592 1895 1415 925 716 305 
23592 1895 1415 925 716 305 
23592 1895 1415 925 716 305 
23592 1895 1415 925 716 305 
23592 1895 1415 925 716 305 
23592 1895 1415 925 716 305 
23592 1895 1415 925 716 305 
23592 1895 1415 925 716 305 
11853 3697 3105 2274 1583 915 391 222 8 
11853 3697 3105 2274 1583 915 391 222 8 
11853 3697 3105 2274 1583 915 391 222 8 
11853 3697 3105 2274 1583 915 391 222 8 
11853 3697 3105 2274 1583 915 391 222 8 
11853 3697 3105 2274 1583 915 391 222 8 
11853 3697 3105 2274 1583 915 391 222 8 
11853 3697 3105 2274 1583 915 391 222 8 
11853 3697 3105 2274 1583 915 391 222 8 
11853 3697 3105 2274 1583 915 391 222 8 
11715 4636 2849 1967 1522 473 226 191 84 
11715 4636 2849 1967 1522 473 226 191 84 
11715 4636 2849 1967 1522 473 226 191 84 
11715 4636 2849 1967 1522 473 226 191 84 
11715 4636 2849 1967 1522 473 226 191 84 
11715 4636 2849 1967 1522 473 226 191 84 
11715 4636 2849 1967 1522 473 226 191 84 
11715 4636 2849 1967 1522 473 226 191 84 
11715 4636 2849 1967 1522 473 226 191 84 
11715 4636 2849 1967 1522 473 226 191 84 
21216 
7443 4075 2131 1430 1095 199 
21216 
7443 4075 2131 1430 1095 199 
21216 
7443 4075 2131 1430 1095 199 
21216 
7443 4075 2131 1430 1095 199 
21216 
7443 4075 2131 1430 1095 199 
21216 
7443 4075 2131 1430 1095 199 
21216 
7443 4075 2131 1430 1095 199 
21216 
7443 4075 2131 1430 1095 199 
21216 
7443 4075 2131 1430 1095 199 
21216 
7443 4075 2131 1430 1095 199 
21196 
10171 4084 2590 1451 293 123 
21196 
10171 4084 2590 1451 293 123 
21196 
10171 4084 2590 1451 293 123 
21196 
10171 4084 2590 1451 293 123 
21196 
10171 4084 2590 1451 293 123 
21196 
10171 4084 2590 1451 293 123 
21196 
10171 4084 2590 1451 293 123 
21196 
10171 4084 2590 1451 293 123 
21196 
10171 4084 2590 1451 293 123 
21196 
10171 4084 2590 1451 293 123 
16432 5339 3588 2373 1653 997 206 171 
16432 5339 3588 2373 1653 997 206 171 
16432 5339 3588 2373 1653 997 206 171 
16432 5339 3588 2373 1653 997 206 171 
16432 5339 3588 2373 1653 997 206 171 
16432 5339 3588 2373 1653 997 206 171 
16432 5339 3588 2373 1653 997 206 171 
16432 5339 3588 2373 1653 997 206 171 
16432 5339 3588 2373 1653 997 206 171 
16432 5339 3588 2373 1653 997 206 171 
9966 5813 2993 1084 300 
13394 4104 1850 609 141 
9966 5813 2993 1084 300 
13394 4104 1850 609 141 
9966 5813 2993 1084 300 
13394 4104 1850 609 141 
9966 5813 2993 1084 300 
13394 4104 1850 609 141 
9966 5813 2993 1084 300 
13394 4104 1850 609 141 
9966 5813 2993 1084 300 
13394 4104 1850 609 141 
9966 5813 2993 1084 300 
13394 4104 1850 609 141 
9966 5813 2993 1084 300 
13394 4104 1850 609 141 
9966 5813 2993 1084 300 
13394 4104 1850 609 141 
9966 5813 2993 1084 300 
13394 4104 1850 609 141 
7788 6122 5266 3202 2661 1926 1193 194 173 
7788 6122 5266 3202 2661 1926 1193 194 173 
7788 6122 5266 3202 2661 1926 1193 194 173 
7788 6122 5266 3202 2661 1926 1193 194 173 
7788 6122 5266 3202 2661 1926 1193 194 173 
7788 6122 5266 3202 2661 1926 1193 194 173 
7788 6122 5266 3202 2661 1926 1193 194 173 
7788 6122 5266 3202 2661 1926 1193 194 173 
7788 6122 5266 3202 2661 1926 1193 194 173 
7788 6122 5266 3202 2661 1926 1193 194 173 
10068 3068 2082 1315 1172 356 197 148 
10068 3068 2082 1315 1172 356 197 148 
10068 3068 2082 1315 1172 356 197 148 
10068 3068 2082 1315 1172 356 197 148 
10068 3068 2082 1315 1172 356 197 148 
10068 3068 2082 1315 1172 356 197 148 
10068 3068 2082 1315 1172 356 197 148 
10068 3068 2082 1315 1172 356 197 148 
10068 3068 2082 1315 1172 356 197 148 
10068 3068 2082 1315 1172 356 197 148 
8249 4914 2446 1699 1344 598 322 212 185 178 166 
8249 4914 2446 1699 1344 598 322 212 185 178 166 
8249 4914 2446 1699 1344 598 322 212 185 178 166 
8249 4914 2446 1699 1344 598 322 212 185 178 166 
8249 4914 2446 1699 1344 598 322 212 185 178 166 
8249 4914 2446 1699 1344 598 322 212 185 178 166 
8249 4914 2446 1699 1344 598 322 212 185 178 166 
8249 4914 2446 1699 1344 598 322 212 185 178 166 
8249 4914 2446 1699 1344 598 322 212 185 178 166 
8249 4914 2446 1699 1344 598 322 212 185 178 166 
5988 5033 3675 2139 1059 
6672 4663 3657 2045 342 191 
5988 5033 3675 2139 1059 
6672 4663 3657 2045 342 191 
5988 5033 3675 2139 1059 
6672 4663 3657 2045 342 191 
5988 5033 3675 2139 1059 
6672 4663 3657 2045 342 191 
5988 5033 3675 2139 1059 
6672 4663 3657 2045 342 191 
5988 5033 3675 2139 1059 
6672 4663 3657 2045 342 191 
5988 5033 3675 2139 1059 
6672 4663 3657 2045 342 191 
5988 5033 3675 2139 1059 
6672 4663 3657 2045 342 191 
5988 5033 3675 2139 1059 
6672 4663 3657 2045 342 191 
5988 5033 3675 2139 1059 
6672 4663 3657 2045 342 191 
26475 2314 1883 1625 243 197 188 
26475 2314 1883 1625 243 197 188 
26475 2314 1883 1625 243 197 188 
26475 2314 1883 1625 243 197 188 
26475 2314 1883 1625 243 197 188 
26475 2314 1883 1625 243 197 188 
26475 2314 1883 1625 243 197 188 
26475 2314 1883 1625 243 197 188 
26475 2314 1883 1625 243 197 188 
26475 2314 1883 1625 243 197 188 
11009 7865 4293 1213 894 
14364 6915 2575 1101 198 
11009 7865 4293 1213 894 
14364 6915 2575 1101 198 
11009 7865 4293 1213 894 
14364 6915 2575 1101 198 
11009 7865 4293 1213 894 
14364 6915 2575 1101 198 
11009 7865 4293 1213 894 
14364 6915 2575 1101 198 
11009 7865 4293 1213 894 
14364 6915 2575 1101 198 
11009 7865 4293 1213 894 
14364 6915 2575 1101 198 
11009 7865 4293 1213 894 
14364 6915 2575 1101 198 
11009 7865 4293 1213 894 
14364 6915 2575 1101 198 
11009 7865 4293 1213 894 
14364 6915 2575 1101 198 
10763 5686 4097 2399 1738 952 632 378 182 
10763 5686 4097 2399 1738 952 632 378 182 
10763 5686 4097 2399 1738 952 632 378 182 
10763 5686 4097 2399 1738 952 632 378 182 
10763 5686 4097 2399 1738 952 632 378 182 
10763 5686 4097 2399 1738 952 632 378 182 
10763 5686 4097 2399 1738 952 632 378 182 
10763 5686 4097 2399 1738 952 632 378 182 
10763 5686 4097 2399 1738 952 632 378 182 
10763 5686 4097 2399 1738 952 632 378 182 
17626 
6239 5759 2314 1000 828 
17626 
6239 5759 2314 1000 828 
17626 
6239 5759 2314 1000 828 
17626 
6239 5759 2314 1000 828 
17626 
6239 5759 2314 1000 828 
17626 
6239 5759 2314 1000 828 
17626 
6239 5759 2314 1000 828 
17626 
6239 5759 2314 1000 828 
17626 
6239 5759 2314 1000 828 
17626 
6239 5759 2314 1000 828 
25381 
10495 4269 2256 992 208 180 
25381 
10495 4269 2256 992 208 180 
25381 
10495 4269 2256 992 208 180 
25381 
10495 4269 2256 992 208 180 
25381 
10495 4269 2256 992 208 180 
25381 
10495 4269 2256 992 208 180 
25381 
10495 4269 2256 992 208 180 
25381 
10495 4269 2256 992 208 180 
25381 
10495 4269 2256 992 208 180 
25381 
10495 4269 2256 992 208 180 
12534 3700 1597 751 
11761 4117 2560 175 
12534 3700 1597 751 
11761 4117 2560 175 
12534 3700 1597 751 
11761 4117 2560 175 
12534 3700 1597 751 
11761 4117 2560 175 
12534 3700 1597 751 
11761 4117 2560 175 
12534 3700 1597 751 
11761 4117 2560 175 
12534 3700 1597 751 
11761 4117 2560 175 
12534 3700 1597 751 
11761 4117 2560 175 
12534 3700 1597 751 
11761 4117 2560 175 
12534 3700 1597 751 
11761 4117 2560 175 
12990 5287 2795 1408 1267 429 355 203 193 117 
12990 5287 2795 1408 1267 429 355 203 193 117 
12990 5287 2795 1408 1267 429 355 203 193 117 
12990 5287 2795 1408 1267 429 355 203 193 117 
12990 5287 2795 1408 1267 429 355 203 193 117 
12990 5287 2795 1408 1267 429 355 203 193 117 
12990 5287 2795 1408 1267 429 355 203 193 117 
12990 5287 2795 1408 1267 429 355 203 193 117 
12990 5287 2795 1408 1267 429 355 203 193 117 
12990 5287 2795 1408 1267 429 355 203 193 117 
5795 5150 4956 3164 2450 1778 1175 728 183 
5795 5150 4956 3164 2450 1778 1175 728 183 
5795 5150 4956 3164 2450 1778 1175 728 183 
5795 5150 4956 3164 2450 1778 1175 728 183 
5795 5150 4956 3164 2450 1778 1175 728 183 
5795 5150 4956 3164 2450 1778 1175 728 183 
5795 5150 4956 3164 2450 1778 1175 728 183 
5795 5150 4956 3164 2450 1778 1175 728 183 
5795 5150 4956 3164 2450 1778 1175 728 183 
5795 5150 4956 3164 2450 1778 1175 728 183 
25314 
7980 2730 1554 1127 854 326 79 
25314 
7980 2730 1554 1127 854 326 79 
