28011 
7754 2828 1608 1212 752 409 99 
28011 
7754 2828 1608 1212 752 409 99 
28011 
7754 2828 1608 1212 752 409 99 
28011 
7754 2828 1608 1212 752 409 99 
28011 
7754 2828 1608 1212 752 409 99 
28011 
7754 2828 1608 1212 752 409 99 
28011 
7754 2828 1608 1212 752 409 99 
28011 
7754 2828 1608 1212 752 409 99 
28011 
7754 2828 1608 1212 752 409 99 
28011 
7754 2828 1608 1212 752 409 99 
10155 5145 3298 2705 1449 1206 823 464 213 
10155 5145 3298 2705 1449 1206 823 464 213 
10155 5145 3298 2705 1449 1206 823 464 213 
10155 5145 3298 2705 1449 1206 823 464 213 
10155 5145 3298 2705 1449 1206 823 464 213 
10155 5145 3298 2705 1449 1206 823 464 213 
10155 5145 3298 2705 1449 1206 823 464 213 
10155 5145 3298 2705 1449 1206 823 464 213 
10155 5145 3298 2705 1449 1206 823 464 213 
10155 5145 3298 2705 1449 1206 823 464 213 
7634 3923 2264 1558 1348 927 687 357 218 
7634 3923 2264 1558 1348 927 687 357 218 
7634 3923 2264 1558 1348 927 687 357 218 
7634 3923 2264 1558 1348 927 687 357 218 
7634 3923 2264 1558 1348 927 687 357 218 
7634 3923 2264 1558 1348 927 687 357 218 
7634 3923 2264 1558 1348 927 687 357 218 
7634 3923 2264 1558 1348 927 687 357 218 
7634 3923 2264 1558 1348 927 687 357 218 
7634 3923 2264 1558 1348 927 687 357 218 
17538 4352 3288 1533 699 506 234 86 
17538 4352 3288 1533 699 506 234 86 
17538 4352 3288 1533 699 506 234 86 
17538 4352 3288 1533 699 506 234 86 
17538 4352 3288 1533 699 506 234 86 
17538 4352 3288 1533 699 506 234 86 
17538 4352 3288 1533 699 506 234 86 
17538 4352 3288 1533 699 506 234 86 
17538 4352 3288 1533 699 506 234 86 
17538 4352 3288 1533 699 506 234 86 
11864 8409 3861 3280 1518 785 330 143 91 
11864 8409 3861 3280 1518 785 330 143 91 
11864 8409 3861 3280 1518 785 330 143 91 
11864 8409 3861 3280 1518 785 330 143 91 
11864 8409 3861 3280 1518 785 330 143 91 
11864 8409 3861 3280 1518 785 330 143 91 
11864 8409 3861 3280 1518 785 330 143 91 
11864 8409 3861 3280 1518 785 330 143 91 
11864 8409 3861 3280 1518 785 330 143 91 
11864 8409 3861 3280 1518 785 330 143 91 
13555 2550 1925 1083 805 608 214 
13555 2550 1925 1083 805 608 214 
13555 2550 1925 1083 805 608 214 
13555 2550 1925 1083 805 608 214 
13555 2550 1925 1083 805 608 214 
13555 2550 1925 1083 805 608 214 
13555 2550 1925 1083 805 608 214 
13555 2550 1925 1083 805 608 214 
13555 2550 1925 1083 805 608 214 
13555 2550 1925 1083 805 608 214 
18581 5369 3885 1485 1457 833 415 252 
18581 5369 3885 1485 1457 833 415 252 
18581 5369 3885 1485 1457 833 415 252 
18581 5369 3885 1485 1457 833 415 252 
18581 5369 3885 1485 1457 833 415 252 
18581 5369 3885 1485 1457 833 415 252 
18581 5369 3885 1485 1457 833 415 252 
18581 5369 3885 1485 1457 833 415 252 
18581 5369 3885 1485 1457 833 415 252 
18581 5369 3885 1485 1457 833 415 252 
29220 668 183 113 
29220 668 183 113 
29220 668 183 113 
29220 668 183 113 
29220 668 183 113 
29220 668 183 113 
29220 668 183 113 
29220 668 183 113 
29220 668 183 113 
29220 668 183 113 
8383 3765 3736 3411 2343 1567 1481 808 540 379 49 23 
8383 3765 3736 3411 2343 1567 1481 808 540 379 49 23 
8383 3765 3736 3411 2343 1567 1481 808 540 379 49 23 
8383 3765 3736 3411 2343 1567 1481 808 540 379 49 23 
8383 3765 3736 3411 2343 1567 1481 808 540 379 49 23 
8383 3765 3736 3411 2343 1567 1481 808 540 379 49 23 
8383 3765 3736 3411 2343 1567 1481 808 540 379 49 23 
8383 3765 3736 3411 2343 1567 1481 808 540 379 49 23 
8383 3765 3736 3411 2343 1567 1481 808 540 379 49 23 
8383 3765 3736 3411 2343 1567 1481 808 540 379 49 23 
25484 1900 1388 663 318 48 
25484 1900 1388 663 318 48 
25484 1900 1388 663 318 48 
25484 1900 1388 663 318 48 
25484 1900 1388 663 318 48 
25484 1900 1388 663 318 48 
25484 1900 1388 663 318 48 
25484 1900 1388 663 318 48 
25484 1900 1388 663 318 48 
25484 1900 1388 663 318 48 
20660 4492 2960 1993 1232 908 613 130 
20660 4492 2960 1993 1232 908 613 130 
20660 4492 2960 1993 1232 908 613 130 
20660 4492 2960 1993 1232 908 613 130 
20660 4492 2960 1993 1232 908 613 130 
20660 4492 2960 1993 1232 908 613 130 
20660 4492 2960 1993 1232 908 613 130 
20660 4492 2960 1993 1232 908 613 130 
20660 4492 2960 1993 1232 908 613 130 
20660 4492 2960 1993 1232 908 613 130 
9478 8646 4312 1932 1567 1037 602 419 131 
9478 8646 4312 1932 1567 1037 602 419 131 
9478 8646 4312 1932 1567 1037 602 419 131 
9478 8646 4312 1932 1567 1037 602 419 131 
9478 8646 4312 1932 1567 1037 602 419 131 
9478 8646 4312 1932 1567 1037 602 419 131 
9478 8646 4312 1932 1567 1037 602 419 131 
9478 8646 4312 1932 1567 1037 602 419 131 
9478 8646 4312 1932 1567 1037 602 419 131 
9478 8646 4312 1932 1567 1037 602 419 131 
26050 3193 1422 1047 487 47 
26050 3193 1422 1047 487 47 
26050 3193 1422 1047 487 47 
26050 3193 1422 1047 487 47 
26050 3193 1422 1047 487 47 
26050 3193 1422 1047 487 47 
26050 3193 1422 1047 487 47 
26050 3193 1422 1047 487 47 
26050 3193 1422 1047 487 47 
26050 3193 1422 1047 487 47 
9864 5523 2907 2216 1553 692 431 204 150 
9864 5523 2907 2216 1553 692 431 204 150 
9864 5523 2907 2216 1553 692 431 204 150 
9864 5523 2907 2216 1553 692 431 204 150 
9864 5523 2907 2216 1553 692 431 204 150 
9864 5523 2907 2216 1553 692 431 204 150 
9864 5523 2907 2216 1553 692 431 204 150 
9864 5523 2907 2216 1553 692 431 204 150 
9864 5523 2907 2216 1553 692 431 204 150 
9864 5523 2907 2216 1553 692 431 204 150 
10776 8824 5793 2911 1831 1108 544 341 170 
10776 8824 5793 2911 1831 1108 544 341 170 
10776 8824 5793 2911 1831 1108 544 341 170 
10776 8824 5793 2911 1831 1108 544 341 170 
10776 8824 5793 2911 1831 1108 544 341 170 
10776 8824 5793 2911 1831 1108 544 341 170 
10776 8824 5793 2911 1831 1108 544 341 170 
10776 8824 5793 2911 1831 1108 544 341 170 
10776 8824 5793 2911 1831 1108 544 341 170 
10776 8824 5793 2911 1831 1108 544 341 170 
15316 4428 3442 1676 1004 654 353 173 77 
15316 4428 3442 1676 1004 654 353 173 77 
15316 4428 3442 1676 1004 654 353 173 77 
15316 4428 3442 1676 1004 654 353 173 77 
15316 4428 3442 1676 1004 654 353 173 77 
15316 4428 3442 1676 1004 654 353 173 77 
15316 4428 3442 1676 1004 654 353 173 77 
15316 4428 3442 1676 1004 654 353 173 77 
15316 4428 3442 1676 1004 654 353 173 77 
15316 4428 3442 1676 1004 654 353 173 77 
23201 2660 1597 1193 765 515 389 248 
23201 2660 1597 1193 765 515 389 248 
23201 2660 1597 1193 765 515 389 248 
23201 2660 1597 1193 765 515 389 248 
23201 2660 1597 1193 765 515 389 248 
23201 2660 1597 1193 765 515 389 248 
23201 2660 1597 1193 765 515 389 248 
23201 2660 1597 1193 765 515 389 248 
23201 2660 1597 1193 765 515 389 248 
23201 2660 1597 1193 765 515 389 248 
7581 6144 3575 2950 2441 1633 929 679 611 396 310 75 
7581 6144 3575 2950 2441 1633 929 679 611 396 310 75 
7581 6144 3575 2950 2441 1633 929 679 611 396 310 75 
7581 6144 3575 2950 2441 1633 929 679 611 396 310 75 
7581 6144 3575 2950 2441 1633 929 679 611 396 310 75 
7581 6144 3575 2950 2441 1633 929 679 611 396 310 75 
7581 6144 3575 2950 2441 1633 929 679 611 396 310 75 
7581 6144 3575 2950 2441 1633 929 679 611 396 310 75 
7581 6144 3575 2950 2441 1633 929 679 611 396 310 75 
7581 6144 3575 2950 2441 1633 929 679 611 396 310 75 
8628 4722 3328 2785 1790 1185 725 425 116 
8628 4722 3328 2785 1790 1185 725 425 116 
8628 4722 3328 2785 1790 1185 725 425 116 
8628 4722 3328 2785 1790 1185 725 425 116 
8628 4722 3328 2785 1790 1185 725 425 116 
8628 4722 3328 2785 1790 1185 725 425 116 
8628 4722 3328 2785 1790 1185 725 425 116 
8628 4722 3328 2785 1790 1185 725 425 116 
8628 4722 3328 2785 1790 1185 725 425 116 
8628 4722 3328 2785 1790 1185 725 425 116 
6213 5279 2922 2675 1614 1077 697 343 46 33 
6213 5279 2922 2675 1614 1077 697 343 46 33 
6213 5279 2922 2675 1614 1077 697 343 46 33 
6213 5279 2922 2675 1614 1077 697 343 46 33 
6213 5279 2922 2675 1614 1077 697 343 46 33 
6213 5279 2922 2675 1614 1077 697 343 46 33 
6213 5279 2922 2675 1614 1077 697 343 46 33 
6213 5279 2922 2675 1614 1077 697 343 46 33 
6213 5279 2922 2675 1614 1077 697 343 46 33 
6213 5279 2922 2675 1614 1077 697 343 46 33 
7271 5680 2042 1342 1051 735 554 487 77 
7271 5680 2042 1342 1051 735 554 487 77 
7271 5680 2042 1342 1051 735 554 487 77 
7271 5680 2042 1342 1051 735 554 487 77 
7271 5680 2042 1342 1051 735 554 487 77 
7271 5680 2042 1342 1051 735 554 487 77 
7271 5680 2042 1342 1051 735 554 487 77 
7271 5680 2042 1342 1051 735 554 487 77 
7271 5680 2042 1342 1051 735 554 487 77 
7271 5680 2042 1342 1051 735 554 487 77 
9388 6370 5070 3619 2009 1160 1142 647 241 227 38 
9388 6370 5070 3619 2009 1160 1142 647 241 227 38 
9388 6370 5070 3619 2009 1160 1142 647 241 227 38 
9388 6370 5070 3619 2009 1160 1142 647 241 227 38 
9388 6370 5070 3619 2009 1160 1142 647 241 227 38 
9388 6370 5070 3619 2009 1160 1142 647 241 227 38 
9388 6370 5070 3619 2009 1160 1142 647 241 227 38 
9388 6370 5070 3619 2009 1160 1142 647 241 227 38 
9388 6370 5070 3619 2009 1160 1142 647 241 227 38 
9388 6370 5070 3619 2009 1160 1142 647 241 227 38 
13184 6501 3281 1953 1412 981 450 225 102 
13184 6501 3281 1953 1412 981 450 225 102 
13184 6501 3281 1953 1412 981 450 225 102 
13184 6501 3281 1953 1412 981 450 225 102 
13184 6501 3281 1953 1412 981 450 225 102 
13184 6501 3281 1953 1412 981 450 225 102 
13184 6501 3281 1953 1412 981 450 225 102 
13184 6501 3281 1953 1412 981 450 225 102 
13184 6501 3281 1953 1412 981 450 225 102 
13184 6501 3281 1953 1412 981 450 225 102 
11646 5561 3402 1690 1349 971 662 410 131 11 
11646 5561 3402 1690 1349 971 662 410 131 11 
11646 5561 3402 1690 1349 971 662 410 131 11 
11646 5561 3402 1690 1349 971 662 410 131 11 
11646 5561 3402 1690 1349 971 662 410 131 11 
11646 5561 3402 1690 1349 971 662 410 131 11 
11646 5561 3402 1690 1349 971 662 410 131 11 
11646 5561 3402 1690 1349 971 662 410 131 11 
11646 5561 3402 1690 1349 971 662 410 131 11 
11646 5561 3402 1690 1349 971 662 410 131 11 
12213 4085 2642 2214 1491 715 531 54 
12213 4085 2642 2214 1491 715 531 54 
12213 4085 2642 2214 1491 715 531 54 
12213 4085 2642 2214 1491 715 531 54 
12213 4085 2642 2214 1491 715 531 54 
12213 4085 2642 2214 1491 715 531 54 
12213 4085 2642 2214 1491 715 531 54 
12213 4085 2642 2214 1491 715 531 54 
12213 4085 2642 2214 1491 715 531 54 
12213 4085 2642 2214 1491 715 531 54 
8204 5822 3607 3554 2534 1708 1579 972 156 88 
8204 5822 3607 3554 2534 1708 1579 972 156 88 
8204 5822 3607 3554 2534 1708 1579 972 156 88 
8204 5822 3607 3554 2534 1708 1579 972 156 88 
8204 5822 3607 3554 2534 1708 1579 972 156 88 
8204 5822 3607 3554 2534 1708 1579 972 156 88 
8204 5822 3607 3554 2534 1708 1579 972 156 88 
8204 5822 3607 3554 2534 1708 1579 972 156 88 
8204 5822 3607 3554 2534 1708 1579 972 156 88 
8204 5822 3607 3554 2534 1708 1579 972 156 88 
7526 7485 2533 1579 1509 895 440 435 208 
7526 7485 2533 1579 1509 895 440 435 208 
7526 7485 2533 1579 1509 895 440 435 208 
7526 7485 2533 1579 1509 895 440 435 208 
7526 7485 2533 1579 1509 895 440 435 208 
7526 7485 2533 1579 1509 895 440 435 208 
7526 7485 2533 1579 1509 895 440 435 208 
7526 7485 2533 1579 1509 895 440 435 208 
7526 7485 2533 1579 1509 895 440 435 208 
7526 7485 2533 1579 1509 895 440 435 208 
10026 6376 2564 2446 1405 713 332 125 65 
10026 6376 2564 2446 1405 713 332 125 65 
10026 6376 2564 2446 1405 713 332 125 65 
10026 6376 2564 2446 1405 713 332 125 65 
10026 6376 2564 2446 1405 713 332 125 65 
10026 6376 2564 2446 1405 713 332 125 65 
10026 6376 2564 2446 1405 713 332 125 65 
10026 6376 2564 2446 1405 713 332 125 65 
10026 6376 2564 2446 1405 713 332 125 65 
10026 6376 2564 2446 1405 713 332 125 65 
12230 4945 3488 1970 1625 1445 736 434 236 
12230 4945 3488 1970 1625 1445 736 434 236 
12230 4945 3488 1970 1625 1445 736 434 236 
12230 4945 3488 1970 1625 1445 736 434 236 
12230 4945 3488 1970 1625 1445 736 434 236 
12230 4945 3488 1970 1625 1445 736 434 236 
12230 4945 3488 1970 1625 1445 736 434 236 
12230 4945 3488 1970 1625 1445 736 434 236 
12230 4945 3488 1970 1625 1445 736 434 236 
12230 4945 3488 1970 1625 1445 736 434 236 
9123 5147 2569 1403 923 673 411 122 
9123 5147 2569 1403 923 673 411 122 
9123 5147 2569 1403 923 673 411 122 
9123 5147 2569 1403 923 673 411 122 
9123 5147 2569 1403 923 673 411 122 
9123 5147 2569 1403 923 673 411 122 
9123 5147 2569 1403 923 673 411 122 
9123 5147 2569 1403 923 673 411 122 
9123 5147 2569 1403 923 673 411 122 
9123 5147 2569 1403 923 673 411 122 
33882 
10438 3981 1229 207 156 
33882 
10438 3981 1229 207 156 
33882 
10438 3981 1229 207 156 
33882 
10438 3981 1229 207 156 
33882 
10438 3981 1229 207 156 
33882 
10438 3981 1229 207 156 
33882 
10438 3981 1229 207 156 
33882 
10438 3981 1229 207 156 
33882 
10438 3981 1229 207 156 
33882 
10438 3981 1229 207 156 
8843 5681 3039 2187 1272 721 504 246 108 
8843 5681 3039 2187 1272 721 504 246 108 
8843 5681 3039 2187 1272 721 504 246 108 
8843 5681 3039 2187 1272 721 504 246 108 
8843 5681 3039 2187 1272 721 504 246 108 
8843 5681 3039 2187 1272 721 504 246 108 
8843 5681 3039 2187 1272 721 504 246 108 
8843 5681 3039 2187 1272 721 504 246 108 
8843 5681 3039 2187 1272 721 504 246 108 
8843 5681 3039 2187 1272 721 504 246 108 
10994 6855 4377 1801 725 683 492 241 93 
10994 6855 4377 1801 725 683 492 241 93 
10994 6855 4377 1801 725 683 492 241 93 
10994 6855 4377 1801 725 683 492 241 93 
10994 6855 4377 1801 725 683 492 241 93 
10994 6855 4377 1801 725 683 492 241 93 
10994 6855 4377 1801 725 683 492 241 93 
10994 6855 4377 1801 725 683 492 241 93 
10994 6855 4377 1801 725 683 492 241 93 
10994 6855 4377 1801 725 683 492 241 93 
9186 3962 3227 2176 1123 1069 369 282 157 
9186 3962 3227 2176 1123 1069 369 282 157 
9186 3962 3227 2176 1123 1069 369 282 157 
9186 3962 3227 2176 1123 1069 369 282 157 
9186 3962 3227 2176 1123 1069 369 282 157 
9186 3962 3227 2176 1123 1069 369 282 157 
9186 3962 3227 2176 1123 1069 369 282 157 
9186 3962 3227 2176 1123 1069 369 282 157 
9186 3962 3227 2176 1123 1069 369 282 157 
9186 3962 3227 2176 1123 1069 369 282 157 
8055 5404 2557 1927 1785 635 619 368 69 
8055 5404 2557 1927 1785 635 619 368 69 
8055 5404 2557 1927 1785 635 619 368 69 
8055 5404 2557 1927 1785 635 619 368 69 
8055 5404 2557 1927 1785 635 619 368 69 
8055 5404 2557 1927 1785 635 619 368 69 
8055 5404 2557 1927 1785 635 619 368 69 
8055 5404 2557 1927 1785 635 619 368 69 
8055 5404 2557 1927 1785 635 619 368 69 
8055 5404 2557 1927 1785 635 619 368 69 
7154 5239 3856 2004 1557 1345 935 657 521 283 195 
7154 5239 3856 2004 1557 1345 935 657 521 283 195 
7154 5239 3856 2004 1557 1345 935 657 521 283 195 
7154 5239 3856 2004 1557 1345 935 657 521 283 195 
7154 5239 3856 2004 1557 1345 935 657 521 283 195 
7154 5239 3856 2004 1557 1345 935 657 521 283 195 
7154 5239 3856 2004 1557 1345 935 657 521 283 195 
7154 5239 3856 2004 1557 1345 935 657 521 283 195 
7154 5239 3856 2004 1557 1345 935 657 521 283 195 
7154 5239 3856 2004 1557 1345 935 657 521 283 195 
11914 5551 3540 2518 1305 866 201 169 45 
11914 5551 3540 2518 1305 866 201 169 45 
11914 5551 3540 2518 1305 866 201 169 45 
11914 5551 3540 2518 1305 866 201 169 45 
11914 5551 3540 2518 1305 866 201 169 45 
11914 5551 3540 2518 1305 866 201 169 45 
11914 5551 3540 2518 1305 866 201 169 45 
11914 5551 3540 2518 1305 866 201 169 45 
11914 5551 3540 2518 1305 866 201 169 45 
11914 5551 3540 2518 1305 866 201 169 45 
16390 3756 1626 1153 747 581 436 386 186 72 50 
16390 3756 1626 1153 747 581 436 386 186 72 50 
16390 3756 1626 1153 747 581 436 386 186 72 50 
16390 3756 1626 1153 747 581 436 386 186 72 50 
16390 3756 1626 1153 747 581 436 386 186 72 50 
16390 3756 1626 1153 747 581 436 386 186 72 50 
16390 3756 1626 1153 747 581 436 386 186 72 50 
16390 3756 1626 1153 747 581 436 386 186 72 50 
16390 3756 1626 1153 747 581 436 386 186 72 50 
16390 3756 1626 1153 747 581 436 386 186 72 50 
11054 7106 5142 1928 1439 939 652 527 288 148 
11054 7106 5142 1928 1439 939 652 527 288 148 
11054 7106 5142 1928 1439 939 652 527 288 148 
11054 7106 5142 1928 1439 939 652 527 288 148 
11054 7106 5142 1928 1439 939 652 527 288 148 
11054 7106 5142 1928 1439 939 652 527 288 148 
11054 7106 5142 1928 1439 939 652 527 288 148 
11054 7106 5142 1928 1439 939 652 527 288 148 
11054 7106 5142 1928 1439 939 652 527 288 148 
11054 7106 5142 1928 1439 939 652 527 288 148 
7656 3112 2377 1598 995 808 603 229 87 
7656 3112 2377 1598 995 808 603 229 87 
7656 3112 2377 1598 995 808 603 229 87 
7656 3112 2377 1598 995 808 603 229 87 
7656 3112 2377 1598 995 808 603 229 87 
7656 3112 2377 1598 995 808 603 229 87 
7656 3112 2377 1598 995 808 603 229 87 
7656 3112 2377 1598 995 808 603 229 87 
7656 3112 2377 1598 995 808 603 229 87 
7656 3112 2377 1598 995 808 603 229 87 
4364 4309 3909 3094 2632 2290 1545 1154 545 153 
4364 4309 3909 3094 2632 2290 1545 1154 545 153 
4364 4309 3909 3094 2632 2290 1545 1154 545 153 
4364 4309 3909 3094 2632 2290 1545 1154 545 153 
4364 4309 3909 3094 2632 2290 1545 1154 545 153 
4364 4309 3909 3094 2632 2290 1545 1154 545 153 
4364 4309 3909 3094 2632 2290 1545 1154 545 153 
4364 4309 3909 3094 2632 2290 1545 1154 545 153 
4364 4309 3909 3094 2632 2290 1545 1154 545 153 
4364 4309 3909 3094 2632 2290 1545 1154 545 153 
17319 2983 2234 1448 1312 821 301 177 
17319 2983 2234 1448 1312 821 301 177 
17319 2983 2234 1448 1312 821 301 177 
17319 2983 2234 1448 1312 821 301 177 
17319 2983 2234 1448 1312 821 301 177 
17319 2983 2234 1448 1312 821 301 177 
17319 2983 2234 1448 1312 821 301 177 
17319 2983 2234 1448 1312 821 301 177 
17319 2983 2234 1448 1312 821 301 177 
17319 2983 2234 1448 1312 821 301 177 
12314 1894 1151 854 640 219 114 
12314 1894 1151 854 640 219 114 
12314 1894 1151 854 640 219 114 
12314 1894 1151 854 640 219 114 
12314 1894 1151 854 640 219 114 
12314 1894 1151 854 640 219 114 
12314 1894 1151 854 640 219 114 
12314 1894 1151 854 640 219 114 
12314 1894 1151 854 640 219 114 
12314 1894 1151 854 640 219 114 
10005 2665 2093 1642 557 315 257 98 
10005 2665 2093 1642 557 315 257 98 
10005 2665 2093 1642 557 315 257 98 
10005 2665 2093 1642 557 315 257 98 
10005 2665 2093 1642 557 315 257 98 
10005 2665 2093 1642 557 315 257 98 
10005 2665 2093 1642 557 315 257 98 
10005 2665 2093 1642 557 315 257 98 
10005 2665 2093 1642 557 315 257 98 
10005 2665 2093 1642 557 315 257 98 
28752 528 340 52 
28752 528 340 52 
28752 528 340 52 
28752 528 340 52 
28752 528 340 52 
28752 528 340 52 
28752 528 340 52 
28752 528 340 52 
28752 528 340 52 
28752 528 340 52 
12597 7338 4306 3837 1394 835 753 73 
12597 7338 4306 3837 1394 835 753 73 
12597 7338 4306 3837 1394 835 753 73 
12597 7338 4306 3837 1394 835 753 73 
12597 7338 4306 3837 1394 835 753 73 
12597 7338 4306 3837 1394 835 753 73 
12597 7338 4306 3837 1394 835 753 73 
12597 7338 4306 3837 1394 835 753 73 
12597 7338 4306 3837 1394 835 753 73 
12597 7338 4306 3837 1394 835 753 73 
19071 2019 1348 1049 464 78 58 
19071 2019 1348 1049 464 78 58 
19071 2019 1348 1049 464 78 58 
19071 2019 1348 1049 464 78 58 
19071 2019 1348 1049 464 78 58 
19071 2019 1348 1049 464 78 58 
19071 2019 1348 1049 464 78 58 
19071 2019 1348 1049 464 78 58 
19071 2019 1348 1049 464 78 58 
19071 2019 1348 1049 464 78 58 
10454 1578 1343 1075 590 86 86 74 
10454 1578 1343 1075 590 86 86 74 
10454 1578 1343 1075 590 86 86 74 
10454 1578 1343 1075 590 86 86 74 
10454 1578 1343 1075 590 86 86 74 
10454 1578 1343 1075 590 86 86 74 
10454 1578 1343 1075 590 86 86 74 
10454 1578 1343 1075 590 86 86 74 
10454 1578 1343 1075 590 86 86 74 
10454 1578 1343 1075 590 86 86 74 
14428 4259 2001 1602 1396 684 400 
14428 4259 2001 1602 1396 684 400 
14428 4259 2001 1602 1396 684 400 
14428 4259 2001 1602 1396 684 400 
14428 4259 2001 1602 1396 684 400 
14428 4259 2001 1602 1396 684 400 
14428 4259 2001 1602 1396 684 400 
14428 4259 2001 1602 1396 684 400 
14428 4259 2001 1602 1396 684 400 
14428 4259 2001 1602 1396 684 400 
9322 4504 3120 2190 1236 671 518 305 129 
9322 4504 3120 2190 1236 671 518 305 129 
9322 4504 3120 2190 1236 671 518 305 129 
9322 4504 3120 2190 1236 671 518 305 129 
9322 4504 3120 2190 1236 671 518 305 129 
9322 4504 3120 2190 1236 671 518 305 129 
9322 4504 3120 2190 1236 671 518 305 129 
9322 4504 3120 2190 1236 671 518 305 129 
9322 4504 3120 2190 1236 671 518 305 129 
9322 4504 3120 2190 1236 671 518 305 129 
11381 6663 4609 2026 1517 1087 681 467 243 
11381 6663 4609 2026 1517 1087 681 467 243 
11381 6663 4609 2026 1517 1087 681 467 243 
11381 6663 4609 2026 1517 1087 681 467 243 
11381 6663 4609 2026 1517 1087 681 467 243 
11381 6663 4609 2026 1517 1087 681 467 243 
11381 6663 4609 2026 1517 1087 681 467 243 
11381 6663 4609 2026 1517 1087 681 467 243 
11381 6663 4609 2026 1517 1087 681 467 243 
11381 6663 4609 2026 1517 1087 681 467 243 
4968 3748 3105 2436 2024 1542 995 518 364 17 
4968 3748 3105 2436 2024 1542 995 518 364 17 
4968 3748 3105 2436 2024 1542 995 518 364 17 
4968 3748 3105 2436 2024 1542 995 518 364 17 
4968 3748 3105 2436 2024 1542 995 518 364 17 
4968 3748 3105 2436 2024 1542 995 518 364 17 
4968 3748 3105 2436 2024 1542 995 518 364 17 
4968 3748 3105 2436 2024 1542 995 518 364 17 
4968 3748 3105 2436 2024 1542 995 518 364 17 
4968 3748 3105 2436 2024 1542 995 518 364 17 
7529 5696 3327 2740 1739 1402 605 572 207 131 
7529 5696 3327 2740 1739 1402 605 572 207 131 
7529 5696 3327 2740 1739 1402 605 572 207 131 
7529 5696 3327 2740 1739 1402 605 572 207 131 
7529 5696 3327 2740 1739 1402 605 572 207 131 
7529 5696 3327 2740 1739 1402 605 572 207 131 
7529 5696 3327 2740 1739 1402 605 572 207 131 
7529 5696 3327 2740 1739 1402 605 572 207 131 
7529 5696 3327 2740 1739 1402 605 572 207 131 
7529 5696 3327 2740 1739 1402 605 572 207 131 
12565 5597 4495 1818 1313 683 509 170 82 
12565 5597 4495 1818 1313 683 509 170 82 
12565 5597 4495 1818 1313 683 509 170 82 
12565 5597 4495 1818 1313 683 509 170 82 
12565 5597 4495 1818 1313 683 509 170 82 
12565 5597 4495 1818 1313 683 509 170 82 
12565 5597 4495 1818 1313 683 509 170 82 
12565 5597 4495 1818 1313 683 509 170 82 
12565 5597 4495 1818 1313 683 509 170 82 
12565 5597 4495 1818 1313 683 509 170 82 
16656 6123 3671 2422 804 687 380 93 
16656 6123 3671 2422 804 687 380 93 
16656 6123 3671 2422 804 687 380 93 
16656 6123 3671 2422 804 687 380 93 
16656 6123 3671 2422 804 687 380 93 
16656 6123 3671 2422 804 687 380 93 
16656 6123 3671 2422 804 687 380 93 
16656 6123 3671 2422 804 687 380 93 
16656 6123 3671 2422 804 687 380 93 
16656 6123 3671 2422 804 687 380 93 
9894 5026 4385 2940 2021 1270 866 326 231 38 
9894 5026 4385 2940 2021 1270 866 326 231 38 
9894 5026 4385 2940 2021 1270 866 326 231 38 
9894 5026 4385 2940 2021 1270 866 326 231 38 
9894 5026 4385 2940 2021 1270 866 326 231 38 
9894 5026 4385 2940 2021 1270 866 326 231 38 
9894 5026 4385 2940 2021 1270 866 326 231 38 
9894 5026 4385 2940 2021 1270 866 326 231 38 
9894 5026 4385 2940 2021 1270 866 326 231 38 
9894 5026 4385 2940 2021 1270 866 326 231 38 
10419 7663 5000 3474 2510 1570 1058 355 30 
10419 7663 5000 3474 2510 1570 1058 355 30 
10419 7663 5000 3474 2510 1570 1058 355 30 
10419 7663 5000 3474 2510 1570 1058 355 30 
10419 7663 5000 3474 2510 1570 1058 355 30 
10419 7663 5000 3474 2510 1570 1058 355 30 
10419 7663 5000 3474 2510 1570 1058 355 30 
10419 7663 5000 3474 2510 1570 1058 355 30 
10419 7663 5000 3474 2510 1570 1058 355 30 
10419 7663 5000 3474 2510 1570 1058 355 30 
9565 5340 3993 2290 1488 1180 848 439 374 147 
9565 5340 3993 2290 1488 1180 848 439 374 147 
9565 5340 3993 2290 1488 1180 848 439 374 147 
9565 5340 3993 2290 1488 1180 848 439 374 147 
9565 5340 3993 2290 1488 1180 848 439 374 147 
9565 5340 3993 2290 1488 1180 848 439 374 147 
9565 5340 3993 2290 1488 1180 848 439 374 147 
9565 5340 3993 2290 1488 1180 848 439 374 147 
9565 5340 3993 2290 1488 1180 848 439 374 147 
9565 5340 3993 2290 1488 1180 848 439 374 147 
21342 1395 1015 885 542 187 116 
21342 1395 1015 885 542 187 116 
21342 1395 1015 885 542 187 116 
21342 1395 1015 885 542 187 116 
21342 1395 1015 885 542 187 116 
21342 1395 1015 885 542 187 116 
21342 1395 1015 885 542 187 116 
21342 1395 1015 885 542 187 116 
21342 1395 1015 885 542 187 116 
21342 1395 1015 885 542 187 116 
19673 3478 2189 1174 882 558 271 
19673 3478 2189 1174 882 558 271 
19673 3478 2189 1174 882 558 271 
19673 3478 2189 1174 882 558 271 
19673 3478 2189 1174 882 558 271 
19673 3478 2189 1174 882 558 271 
19673 3478 2189 1174 882 558 271 
19673 3478 2189 1174 882 558 271 
19673 3478 2189 1174 882 558 271 
19673 3478 2189 1174 882 558 271 
11278 1793 1127 650 286 168 61 
11278 1793 1127 650 286 168 61 
11278 1793 1127 650 286 168 61 
11278 1793 1127 650 286 168 61 
11278 1793 1127 650 286 168 61 
11278 1793 1127 650 286 168 61 
11278 1793 1127 650 286 168 61 
11278 1793 1127 650 286 168 61 
11278 1793 1127 650 286 168 61 
11278 1793 1127 650 286 168 61 
15295 6641 4089 2261 1401 1005 417 85 
15295 6641 4089 2261 1401 1005 417 85 
15295 6641 4089 2261 1401 1005 417 85 
15295 6641 4089 2261 1401 1005 417 85 
15295 6641 4089 2261 1401 1005 417 85 
15295 6641 4089 2261 1401 1005 417 85 
15295 6641 4089 2261 1401 1005 417 85 
15295 6641 4089 2261 1401 1005 417 85 
15295 6641 4089 2261 1401 1005 417 85 
15295 6641 4089 2261 1401 1005 417 85 
33409 
12637 1557 606 113 43 
33409 
12637 1557 606 113 43 
33409 
12637 1557 606 113 43 
33409 
12637 1557 606 113 43 
33409 
12637 1557 606 113 43 
33409 
12637 1557 606 113 43 
33409 
12637 1557 606 113 43 
33409 
12637 1557 606 113 43 
33409 
12637 1557 606 113 43 
33409 
12637 1557 606 113 43 
16319 6588 2919 1549 1015 689 151 15 
16319 6588 2919 1549 1015 689 151 15 
16319 6588 2919 1549 1015 689 151 15 
16319 6588 2919 1549 1015 689 151 15 
16319 6588 2919 1549 1015 689 151 15 
16319 6588 2919 1549 1015 689 151 15 
16319 6588 2919 1549 1015 689 151 15 
16319 6588 2919 1549 1015 689 151 15 
16319 6588 2919 1549 1015 689 151 15 
16319 6588 2919 1549 1015 689 151 15 
12909 3476 1624 1041 897 322 87 
12909 3476 1624 1041 897 322 87 
12909 3476 1624 1041 897 322 87 
12909 3476 1624 1041 897 322 87 
12909 3476 1624 1041 897 322 87 
12909 3476 1624 1041 897 322 87 
12909 3476 1624 1041 897 322 87 
12909 3476 1624 1041 897 322 87 
12909 3476 1624 1041 897 322 87 
12909 3476 1624 1041 897 322 87 
12832 4669 3116 2250 1258 966 636 129 
12832 4669 3116 2250 1258 966 636 129 
12832 4669 3116 2250 1258 966 636 129 
12832 4669 3116 2250 1258 966 636 129 
12832 4669 3116 2250 1258 966 636 129 
12832 4669 3116 2250 1258 966 636 129 
12832 4669 3116 2250 1258 966 636 129 
12832 4669 3116 2250 1258 966 636 129 
12832 4669 3116 2250 1258 966 636 129 
12832 4669 3116 2250 1258 966 636 129 
15698 2018 1343 1110 912 571 411 266 150 101 
15698 2018 1343 1110 912 571 411 266 150 101 
15698 2018 1343 1110 912 571 411 266 150 101 
15698 2018 1343 1110 912 571 411 266 150 101 
15698 2018 1343 1110 912 571 411 266 150 101 
15698 2018 1343 1110 912 571 411 266 150 101 
15698 2018 1343 1110 912 571 411 266 150 101 
15698 2018 1343 1110 912 571 411 266 150 101 
15698 2018 1343 1110 912 571 411 266 150 101 
15698 2018 1343 1110 912 571 411 266 150 101 
7585 3442 2908 1414 1205 887 599 342 181 66 
7585 3442 2908 1414 1205 887 599 342 181 66 
7585 3442 2908 1414 1205 887 599 342 181 66 
7585 3442 2908 1414 1205 887 599 342 181 66 
7585 3442 2908 1414 1205 887 599 342 181 66 
7585 3442 2908 1414 1205 887 599 342 181 66 
7585 3442 2908 1414 1205 887 599 342 181 66 
7585 3442 2908 1414 1205 887 599 342 181 66 
7585 3442 2908 1414 1205 887 599 342 181 66 
7585 3442 2908 1414 1205 887 599 342 181 66 
18757 4781 2736 1826 1003 604 419 154 
18757 4781 2736 1826 1003 604 419 154 
18757 4781 2736 1826 1003 604 419 154 
18757 4781 2736 1826 1003 604 419 154 
18757 4781 2736 1826 1003 604 419 154 
18757 4781 2736 1826 1003 604 419 154 
18757 4781 2736 1826 1003 604 419 154 
18757 4781 2736 1826 1003 604 419 154 
18757 4781 2736 1826 1003 604 419 154 
18757 4781 2736 1826 1003 604 419 154 
8407 6932 3197 2055 1582 1166 671 433 157 73 
8407 6932 3197 2055 1582 1166 671 433 157 73 
8407 6932 3197 2055 1582 1166 671 433 157 73 
8407 6932 3197 2055 1582 1166 671 433 157 73 
8407 6932 3197 2055 1582 1166 671 433 157 73 
8407 6932 3197 2055 1582 1166 671 433 157 73 
8407 6932 3197 2055 1582 1166 671 433 157 73 
8407 6932 3197 2055 1582 1166 671 433 157 73 
8407 6932 3197 2055 1582 1166 671 433 157 73 
8407 6932 3197 2055 1582 1166 671 433 157 73 
8751 5225 4301 2129 1411 816 498 78 78 
8751 5225 4301 2129 1411 816 498 78 78 
8751 5225 4301 2129 1411 816 498 78 78 
8751 5225 4301 2129 1411 816 498 78 78 
8751 5225 4301 2129 1411 816 498 78 78 
8751 5225 4301 2129 1411 816 498 78 78 
8751 5225 4301 2129 1411 816 498 78 78 
8751 5225 4301 2129 1411 816 498 78 78 
8751 5225 4301 2129 1411 816 498 78 78 
8751 5225 4301 2129 1411 816 498 78 78 
16022 3304 2605 1397 615 439 318 177 
16022 3304 2605 1397 615 439 318 177 
16022 3304 2605 1397 615 439 318 177 
16022 3304 2605 1397 615 439 318 177 
16022 3304 2605 1397 615 439 318 177 
16022 3304 2605 1397 615 439 318 177 
16022 3304 2605 1397 615 439 318 177 
16022 3304 2605 1397 615 439 318 177 
16022 3304 2605 1397 615 439 318 177 
16022 3304 2605 1397 615 439 318 177 
33388 
8041 3340 2589 1110 981 
33388 
8041 3340 2589 1110 981 
33388 
8041 3340 2589 1110 981 
33388 
8041 3340 2589 1110 981 
33388 
8041 3340 2589 1110 981 
33388 
8041 3340 2589 1110 981 
33388 
8041 3340 2589 1110 981 
33388 
8041 3340 2589 1110 981 
33388 
8041 3340 2589 1110 981 
33388 
8041 3340 2589 1110 981 
10605 4614 2480 1855 933 438 326 218 49 
10605 4614 2480 1855 933 438 326 218 49 
10605 4614 2480 1855 933 438 326 218 49 
10605 4614 2480 1855 933 438 326 218 49 
10605 4614 2480 1855 933 438 326 218 49 
10605 4614 2480 1855 933 438 326 218 49 
10605 4614 2480 1855 933 438 326 218 49 
10605 4614 2480 1855 933 438 326 218 49 
10605 4614 2480 1855 933 438 326 218 49 
10605 4614 2480 1855 933 438 326 218 49 
30406 
5217 5152 2626 1331 472 222 40 
30406 
5217 5152 2626 1331 472 222 40 
30406 
5217 5152 2626 1331 472 222 40 
30406 
5217 5152 2626 1331 472 222 40 
30406 
5217 5152 2626 1331 472 222 40 
30406 
5217 5152 2626 1331 472 222 40 
30406 
5217 5152 2626 1331 472 222 40 
30406 
5217 5152 2626 1331 472 222 40 
30406 
5217 5152 2626 1331 472 222 40 
30406 
5217 5152 2626 1331 472 222 40 
14592 7181 4908 2332 1112 783 215 155 
14592 7181 4908 2332 1112 783 215 155 
14592 7181 4908 2332 1112 783 215 155 
14592 7181 4908 2332 1112 783 215 155 
14592 7181 4908 2332 1112 783 215 155 
14592 7181 4908 2332 1112 783 215 155 
14592 7181 4908 2332 1112 783 215 155 
14592 7181 4908 2332 1112 783 215 155 
14592 7181 4908 2332 1112 783 215 155 
14592 7181 4908 2332 1112 783 215 155 
33886 
10914 3140 1617 586 426 84 
33886 
10914 3140 1617 586 426 84 
33886 
10914 3140 1617 586 426 84 
33886 
10914 3140 1617 586 426 84 
33886 
10914 3140 1617 586 426 84 
33886 
10914 3140 1617 586 426 84 
33886 
10914 3140 1617 586 426 84 
33886 
10914 3140 1617 586 426 84 
33886 
10914 3140 1617 586 426 84 
33886 
10914 3140 1617 586 426 84 
12398 2346 1726 804 576 401 41 
12398 2346 1726 804 576 401 41 
12398 2346 1726 804 576 401 41 
12398 2346 1726 804 576 401 41 
12398 2346 1726 804 576 401 41 
12398 2346 1726 804 576 401 41 
12398 2346 1726 804 576 401 41 
12398 2346 1726 804 576 401 41 
12398 2346 1726 804 576 401 41 
12398 2346 1726 804 576 401 41 
6987 6932 6598 3968 3227 1477 1082 478 226 
6987 6932 6598 3968 3227 1477 1082 478 226 
6987 6932 6598 3968 3227 1477 1082 478 226 
6987 6932 6598 3968 3227 1477 1082 478 226 
6987 6932 6598 3968 3227 1477 1082 478 226 
6987 6932 6598 3968 3227 1477 1082 478 226 
6987 6932 6598 3968 3227 1477 1082 478 226 
6987 6932 6598 3968 3227 1477 1082 478 226 
6987 6932 6598 3968 3227 1477 1082 478 226 
6987 6932 6598 3968 3227 1477 1082 478 226 
16230 1147 807 569 442 160 
16230 1147 807 569 442 160 
16230 1147 807 569 442 160 
16230 1147 807 569 442 160 
16230 1147 807 569 442 160 
16230 1147 807 569 442 160 
16230 1147 807 569 442 160 
16230 1147 807 569 442 160 
16230 1147 807 569 442 160 
16230 1147 807 569 442 160 
31064 
8779 5978 2886 992 196 
31064 
8779 5978 2886 992 196 
31064 
8779 5978 2886 992 196 
31064 
8779 5978 2886 992 196 
31064 
8779 5978 2886 992 196 
31064 
8779 5978 2886 992 196 
31064 
8779 5978 2886 992 196 
31064 
8779 5978 2886 992 196 
31064 
8779 5978 2886 992 196 
31064 
8779 5978 2886 992 196 
17519 
10713 5026 1086 500 86 55 
17519 
10713 5026 1086 500 86 55 
17519 
10713 5026 1086 500 86 55 
17519 
10713 5026 1086 500 86 55 
17519 
10713 5026 1086 500 86 55 
17519 
10713 5026 1086 500 86 55 
17519 
10713 5026 1086 500 86 55 
17519 
10713 5026 1086 500 86 55 
17519 
10713 5026 1086 500 86 55 
17519 
10713 5026 1086 500 86 55 
24413 
7224 6581 2329 1472 132 77 
24413 
7224 6581 2329 1472 132 77 
24413 
7224 6581 2329 1472 132 77 
24413 
7224 6581 2329 1472 132 77 
24413 
7224 6581 2329 1472 132 77 
24413 
7224 6581 2329 1472 132 77 
24413 
7224 6581 2329 1472 132 77 
24413 
7224 6581 2329 1472 132 77 
24413 
7224 6581 2329 1472 132 77 
24413 
7224 6581 2329 1472 132 77 
12646 7137 6087 3163 1428 1252 369 368 38 
12646 7137 6087 3163 1428 1252 369 368 38 
12646 7137 6087 3163 1428 1252 369 368 38 
12646 7137 6087 3163 1428 1252 369 368 38 
12646 7137 6087 3163 1428 1252 369 368 38 
12646 7137 6087 3163 1428 1252 369 368 38 
12646 7137 6087 3163 1428 1252 369 368 38 
12646 7137 6087 3163 1428 1252 369 368 38 
12646 7137 6087 3163 1428 1252 369 368 38 
12646 7137 6087 3163 1428 1252 369 368 38 
7550 6682 3281 2154 1714 1063 502 59 
7550 6682 3281 2154 1714 1063 502 59 
7550 6682 3281 2154 1714 1063 502 59 
7550 6682 3281 2154 1714 1063 502 59 
7550 6682 3281 2154 1714 1063 502 59 
7550 6682 3281 2154 1714 1063 502 59 
7550 6682 3281 2154 1714 1063 502 59 
7550 6682 3281 2154 1714 1063 502 59 
7550 6682 3281 2154 1714 1063 502 59 
7550 6682 3281 2154 1714 1063 502 59 
21076 4361 3011 2390 1012 867 318 101 66 
21076 4361 3011 2390 1012 867 318 101 66 
21076 4361 3011 2390 1012 867 318 101 66 
21076 4361 3011 2390 1012 867 318 101 66 
21076 4361 3011 2390 1012 867 318 101 66 
21076 4361 3011 2390 1012 867 318 101 66 
21076 4361 3011 2390 1012 867 318 101 66 
21076 4361 3011 2390 1012 867 318 101 66 
21076 4361 3011 2390 1012 867 318 101 66 
21076 4361 3011 2390 1012 867 318 101 66 
8081 3887 2697 1924 1860 1366 1081 480 396 100 85 62 
8081 3887 2697 1924 1860 1366 1081 480 396 100 85 62 
8081 3887 2697 1924 1860 1366 1081 480 396 100 85 62 
8081 3887 2697 1924 1860 1366 1081 480 396 100 85 62 
8081 3887 2697 1924 1860 1366 1081 480 396 100 85 62 
8081 3887 2697 1924 1860 1366 1081 480 396 100 85 62 
8081 3887 2697 1924 1860 1366 1081 480 396 100 85 62 
8081 3887 2697 1924 1860 1366 1081 480 396 100 85 62 
8081 3887 2697 1924 1860 1366 1081 480 396 100 85 62 
8081 3887 2697 1924 1860 1366 1081 480 396 100 85 62 
17637 2394 1630 1074 619 364 90 
17637 2394 1630 1074 619 364 90 
17637 2394 1630 1074 619 364 90 
17637 2394 1630 1074 619 364 90 
17637 2394 1630 1074 619 364 90 
17637 2394 1630 1074 619 364 90 
17637 2394 1630 1074 619 364 90 
17637 2394 1630 1074 619 364 90 
17637 2394 1630 1074 619 364 90 
17637 2394 1630 1074 619 364 90 
9115 5742 4501 2112 2084 1301 809 472 251 114 
9115 5742 4501 2112 2084 1301 809 472 251 114 
9115 5742 4501 2112 2084 1301 809 472 251 114 
9115 5742 4501 2112 2084 1301 809 472 251 114 
9115 5742 4501 2112 2084 1301 809 472 251 114 
9115 5742 4501 2112 2084 1301 809 472 251 114 
9115 5742 4501 2112 2084 1301 809 472 251 114 
9115 5742 4501 2112 2084 1301 809 472 251 114 
9115 5742 4501 2112 2084 1301 809 472 251 114 
9115 5742 4501 2112 2084 1301 809 472 251 114 
7568 4691 4332 3371 2191 1619 1132 577 447 257 109 
7568 4691 4332 3371 2191 1619 1132 577 447 257 109 
7568 4691 4332 3371 2191 1619 1132 577 447 257 109 
7568 4691 4332 3371 2191 1619 1132 577 447 257 109 
7568 4691 4332 3371 2191 1619 1132 577 447 257 109 
7568 4691 4332 3371 2191 1619 1132 577 447 257 109 
7568 4691 4332 3371 2191 1619 1132 577 447 257 109 
7568 4691 4332 3371 2191 1619 1132 577 447 257 109 
7568 4691 4332 3371 2191 1619 1132 577 447 257 109 
7568 4691 4332 3371 2191 1619 1132 577 447 257 109 
29652 
9383 3082 2208 1211 583 132 
29652 
9383 3082 2208 1211 583 132 
29652 
9383 3082 2208 1211 583 132 
29652 
9383 3082 2208 1211 583 132 
29652 
9383 3082 2208 1211 583 132 
29652 
9383 3082 2208 1211 583 132 
29652 
9383 3082 2208 1211 583 132 
29652 
9383 3082 2208 1211 583 132 
29652 
9383 3082 2208 1211 583 132 
29652 
9383 3082 2208 1211 583 132 
12851 3959 1607 729 711 464 172 163 158 151 146 84 
12851 3959 1607 729 711 464 172 163 158 151 146 84 
12851 3959 1607 729 711 464 172 163 158 151 146 84 
12851 3959 1607 729 711 464 172 163 158 151 146 84 
12851 3959 1607 729 711 464 172 163 158 151 146 84 
12851 3959 1607 729 711 464 172 163 158 151 146 84 
12851 3959 1607 729 711 464 172 163 158 151 146 84 
12851 3959 1607 729 711 464 172 163 158 151 146 84 
12851 3959 1607 729 711 464 172 163 158 151 146 84 
12851 3959 1607 729 711 464 172 163 158 151 146 84 
2181 1383 847 165 159 152 148 143 142 131 
2181 1383 847 165 159 152 148 143 142 131 
2181 1383 847 165 159 152 148 143 142 131 
2181 1383 847 165 159 152 148 143 142 131 
2181 1383 847 165 159 152 148 143 142 131 
2181 1383 847 165 159 152 148 143 142 131 
2181 1383 847 165 159 152 148 143 142 131 
2181 1383 847 165 159 152 148 143 142 131 
2181 1383 847 165 159 152 148 143 142 131 
2181 1383 847 165 159 152 148 143 142 131 
6575 158 154 149 144 142 139 132 45 
6575 158 154 149 144 142 139 132 45 
6575 158 154 149 144 142 139 132 45 
6575 158 154 149 144 142 139 132 45 
6575 158 154 149 144 142 139 132 45 
6575 158 154 149 144 142 139 132 45 
6575 158 154 149 144 142 139 132 45 
6575 158 154 149 144 142 139 132 45 
6575 158 154 149 144 142 139 132 45 
6575 158 154 149 144 142 139 132 45 
8847 6258 2013 706 187 179 162 154 147 132 
8847 6258 2013 706 187 179 162 154 147 132 
8847 6258 2013 706 187 179 162 154 147 132 
8847 6258 2013 706 187 179 162 154 147 132 
8847 6258 2013 706 187 179 162 154 147 132 
8847 6258 2013 706 187 179 162 154 147 132 
8847 6258 2013 706 187 179 162 154 147 132 
8847 6258 2013 706 187 179 162 154 147 132 
8847 6258 2013 706 187 179 162 154 147 132 
8847 6258 2013 706 187 179 162 154 147 132 
27337 
17558 3968 1822 1163 375 
27337 
17558 3968 1822 1163 375 
27337 
17558 3968 1822 1163 375 
27337 
17558 3968 1822 1163 375 
27337 
17558 3968 1822 1163 375 
27337 
17558 3968 1822 1163 375 
27337 
17558 3968 1822 1163 375 
27337 
17558 3968 1822 1163 375 
27337 
17558 3968 1822 1163 375 
27337 
17558 3968 1822 1163 375 
33991 
14965 6444 3532 1346 447 272 
33991 
14965 6444 3532 1346 447 272 
33991 
14965 6444 3532 1346 447 272 
33991 
14965 6444 3532 1346 447 272 
33991 
14965 6444 3532 1346 447 272 
33991 
14965 6444 3532 1346 447 272 
33991 
14965 6444 3532 1346 447 272 
33991 
14965 6444 3532 1346 447 272 
33991 
14965 6444 3532 1346 447 272 
33991 
14965 6444 3532 1346 447 272 
29776 
7664 3423 2255 1073 497 489 55 
29776 
7664 3423 2255 1073 497 489 55 
29776 
7664 3423 2255 1073 497 489 55 
29776 
7664 3423 2255 1073 497 489 55 
29776 
7664 3423 2255 1073 497 489 55 
29776 
7664 3423 2255 1073 497 489 55 
29776 
7664 3423 2255 1073 497 489 55 
29776 
7664 3423 2255 1073 497 489 55 
29776 
7664 3423 2255 1073 497 489 55 
29776 
7664 3423 2255 1073 497 489 55 
14188 6776 4615 2628 1853 1266 682 342 165 
14188 6776 4615 2628 1853 1266 682 342 165 
14188 6776 4615 2628 1853 1266 682 342 165 
14188 6776 4615 2628 1853 1266 682 342 165 
14188 6776 4615 2628 1853 1266 682 342 165 
14188 6776 4615 2628 1853 1266 682 342 165 
14188 6776 4615 2628 1853 1266 682 342 165 
14188 6776 4615 2628 1853 1266 682 342 165 
14188 6776 4615 2628 1853 1266 682 342 165 
14188 6776 4615 2628 1853 1266 682 342 165 
31797 
9567 5742 3177 1784 731 
31797 
9567 5742 3177 1784 731 
31797 
9567 5742 3177 1784 731 
31797 
9567 5742 3177 1784 731 
31797 
9567 5742 3177 1784 731 
31797 
9567 5742 3177 1784 731 
31797 
9567 5742 3177 1784 731 
31797 
9567 5742 3177 1784 731 
31797 
9567 5742 3177 1784 731 
31797 
9567 5742 3177 1784 731 
27660 
11290 5573 2784 1674 378 
27660 
11290 5573 2784 1674 378 
27660 
11290 5573 2784 1674 378 
27660 
11290 5573 2784 1674 378 
27660 
11290 5573 2784 1674 378 
27660 
11290 5573 2784 1674 378 
27660 
11290 5573 2784 1674 378 
27660 
11290 5573 2784 1674 378 
27660 
11290 5573 2784 1674 378 
27660 
11290 5573 2784 1674 378 
24813 
8198 4759 3863 1609 1059 59 
24813 
8198 4759 3863 1609 1059 59 
24813 
8198 4759 3863 1609 1059 59 
24813 
8198 4759 3863 1609 1059 59 
24813 
8198 4759 3863 1609 1059 59 
24813 
8198 4759 3863 1609 1059 59 
24813 
8198 4759 3863 1609 1059 59 
24813 
8198 4759 3863 1609 1059 59 
24813 
8198 4759 3863 1609 1059 59 
24813 
8198 4759 3863 1609 1059 59 
33624 
9468 5537 3187 1889 945 136 
33624 
9468 5537 3187 1889 945 136 
33624 
9468 5537 3187 1889 945 136 
33624 
9468 5537 3187 1889 945 136 
33624 
9468 5537 3187 1889 945 136 
33624 
9468 5537 3187 1889 945 136 
33624 
9468 5537 3187 1889 945 136 
33624 
9468 5537 3187 1889 945 136 
33624 
9468 5537 3187 1889 945 136 
33624 
9468 5537 3187 1889 945 136 
31195 
11042 3659 1787 781 291 
31195 
11042 3659 1787 781 291 
31195 
11042 3659 1787 781 291 
31195 
11042 3659 1787 781 291 
31195 
11042 3659 1787 781 291 
31195 
11042 3659 1787 781 291 
31195 
11042 3659 1787 781 291 
31195 
11042 3659 1787 781 291 
31195 
11042 3659 1787 781 291 
31195 
11042 3659 1787 781 291 
26869 
14081 2638 1539 697 134 
26869 
14081 2638 1539 697 134 
26869 
14081 2638 1539 697 134 
26869 
14081 2638 1539 697 134 
26869 
14081 2638 1539 697 134 
26869 
14081 2638 1539 697 134 
26869 
14081 2638 1539 697 134 
26869 
14081 2638 1539 697 134 
26869 
14081 2638 1539 697 134 
26869 
14081 2638 1539 697 134 
30883 
20633 3089 2275 903 180 
30883 
20633 3089 2275 903 180 
30883 
20633 3089 2275 903 180 
30883 
20633 3089 2275 903 180 
30883 
20633 3089 2275 903 180 
30883 
20633 3089 2275 903 180 
30883 
20633 3089 2275 903 180 
30883 
20633 3089 2275 903 180 
30883 
20633 3089 2275 903 180 
30883 
20633 3089 2275 903 180 
30612 
17100 434 
30612 
17100 434 
30612 
17100 434 
30612 
17100 434 
30612 
17100 434 
30612 
17100 434 
30612 
17100 434 
30612 
17100 434 
30612 
17100 434 
30612 
17100 434 
33330 
17622 1877 828 634 95 
33330 
17622 1877 828 634 95 
33330 
17622 1877 828 634 95 
33330 
17622 1877 828 634 95 
33330 
17622 1877 828 634 95 
33330 
17622 1877 828 634 95 
33330 
17622 1877 828 634 95 
33330 
17622 1877 828 634 95 
33330 
17622 1877 828 634 95 
33330 
17622 1877 828 634 95 
11000 7357 4313 3144 2708 1560 1415 385 130 
11000 7357 4313 3144 2708 1560 1415 385 130 
11000 7357 4313 3144 2708 1560 1415 385 130 
11000 7357 4313 3144 2708 1560 1415 385 130 
11000 7357 4313 3144 2708 1560 1415 385 130 
11000 7357 4313 3144 2708 1560 1415 385 130 
11000 7357 4313 3144 2708 1560 1415 385 130 
11000 7357 4313 3144 2708 1560 1415 385 130 
11000 7357 4313 3144 2708 1560 1415 385 130 
11000 7357 4313 3144 2708 1560 1415 385 130 
26130 
16555 161 76 
26130 
16555 161 76 
26130 
16555 161 76 
26130 
16555 161 76 
26130 
16555 161 76 
26130 
16555 161 76 
26130 
16555 161 76 
26130 
16555 161 76 
26130 
16555 161 76 
26130 
16555 161 76 
29382 
9102 5482 3282 1754 113 
29382 
9102 5482 3282 1754 113 
29382 
9102 5482 3282 1754 113 
29382 
9102 5482 3282 1754 113 
29382 
9102 5482 3282 1754 113 
29382 
9102 5482 3282 1754 113 
29382 
9102 5482 3282 1754 113 
29382 
9102 5482 3282 1754 113 
29382 
9102 5482 3282 1754 113 
29382 
9102 5482 3282 1754 113 
24885 
9692 4575 2412 584 120 
24885 
9692 4575 2412 584 120 
24885 
9692 4575 2412 584 120 
24885 
9692 4575 2412 584 120 
24885 
9692 4575 2412 584 120 
24885 
9692 4575 2412 584 120 
24885 
9692 4575 2412 584 120 
24885 
9692 4575 2412 584 120 
24885 
9692 4575 2412 584 120 
24885 
9692 4575 2412 584 120 
22704 
8886 4584 2935 1497 564 
22704 
8886 4584 2935 1497 564 
22704 
8886 4584 2935 1497 564 
22704 
8886 4584 2935 1497 564 
22704 
8886 4584 2935 1497 564 
22704 
8886 4584 2935 1497 564 
22704 
8886 4584 2935 1497 564 
22704 
8886 4584 2935 1497 564 
22704 
8886 4584 2935 1497 564 
22704 
8886 4584 2935 1497 564 
22783 
8246 3400 2058 1137 643 112 
22783 
8246 3400 2058 1137 643 112 
22783 
8246 3400 2058 1137 643 112 
22783 
8246 3400 2058 1137 643 112 
22783 
8246 3400 2058 1137 643 112 
22783 
8246 3400 2058 1137 643 112 
22783 
8246 3400 2058 1137 643 112 
22783 
8246 3400 2058 1137 643 112 
22783 
8246 3400 2058 1137 643 112 
22783 
8246 3400 2058 1137 643 112 
23325 
19381 1209 362 
23325 
19381 1209 362 
23325 
19381 1209 362 
23325 
19381 1209 362 
23325 
19381 1209 362 
23325 
19381 1209 362 
23325 
19381 1209 362 
23325 
19381 1209 362 
23325 
19381 1209 362 
23325 
19381 1209 362 
29612 
10318 5656 2680 1823 614 279 
29612 
10318 5656 2680 1823 614 279 
29612 
10318 5656 2680 1823 614 279 
29612 
10318 5656 2680 1823 614 279 
29612 
10318 5656 2680 1823 614 279 
29612 
10318 5656 2680 1823 614 279 
29612 
10318 5656 2680 1823 614 279 
29612 
10318 5656 2680 1823 614 279 
29612 
10318 5656 2680 1823 614 279 
29612 
10318 5656 2680 1823 614 279 
27931 
15015 2593 1528 154 
27931 
15015 2593 1528 154 
27931 
15015 2593 1528 154 
27931 
15015 2593 1528 154 
27931 
15015 2593 1528 154 
27931 
15015 2593 1528 154 
27931 
15015 2593 1528 154 
27931 
15015 2593 1528 154 
27931 
15015 2593 1528 154 
27931 
15015 2593 1528 154 
33574 
17668 2498 1222 280 
33574 
17668 2498 1222 280 
33574 
17668 2498 1222 280 
33574 
17668 2498 1222 280 
33574 
17668 2498 1222 280 
33574 
17668 2498 1222 280 
33574 
17668 2498 1222 280 
33574 
17668 2498 1222 280 
33574 
17668 2498 1222 280 
33574 
17668 2498 1222 280 
17688 4564 2945 2583 1543 1097 560 257 
17688 4564 2945 2583 1543 1097 560 257 
17688 4564 2945 2583 1543 1097 560 257 
17688 4564 2945 2583 1543 1097 560 257 
17688 4564 2945 2583 1543 1097 560 257 
17688 4564 2945 2583 1543 1097 560 257 
17688 4564 2945 2583 1543 1097 560 257 
17688 4564 2945 2583 1543 1097 560 257 
17688 4564 2945 2583 1543 1097 560 257 
17688 4564 2945 2583 1543 1097 560 257 
30511 
8359 6166 4179 1189 500 82 
30511 
8359 6166 4179 1189 500 82 
30511 
8359 6166 4179 1189 500 82 
30511 
8359 6166 4179 1189 500 82 
30511 
8359 6166 4179 1189 500 82 
30511 
8359 6166 4179 1189 500 82 
30511 
8359 6166 4179 1189 500 82 
30511 
8359 6166 4179 1189 500 82 
30511 
8359 6166 4179 1189 500 82 
30511 
8359 6166 4179 1189 500 82 
31646 
6004 5586 3484 2556 1270 
31646 
6004 5586 3484 2556 1270 
31646 
6004 5586 3484 2556 1270 
31646 
6004 5586 3484 2556 1270 
31646 
6004 5586 3484 2556 1270 
31646 
6004 5586 3484 2556 1270 
31646 
6004 5586 3484 2556 1270 
31646 
6004 5586 3484 2556 1270 
31646 
6004 5586 3484 2556 1270 
31646 
6004 5586 3484 2556 1270 
31096 
11615 5283 3650 1361 375 
31096 
11615 5283 3650 1361 375 
31096 
11615 5283 3650 1361 375 
31096 
11615 5283 3650 1361 375 
31096 
11615 5283 3650 1361 375 
31096 
11615 5283 3650 1361 375 
31096 
11615 5283 3650 1361 375 
31096 
11615 5283 3650 1361 375 
31096 
11615 5283 3650 1361 375 
31096 
11615 5283 3650 1361 375 
33776 
6529 4131 2204 1486 738 103 
33776 
6529 4131 2204 1486 738 103 
33776 
6529 4131 2204 1486 738 103 
33776 
6529 4131 2204 1486 738 103 
33776 
6529 4131 2204 1486 738 103 
33776 
6529 4131 2204 1486 738 103 
33776 
6529 4131 2204 1486 738 103 
33776 
6529 4131 2204 1486 738 103 
33776 
6529 4131 2204 1486 738 103 
33776 
6529 4131 2204 1486 738 103 
31611 
8235 5742 4232 2575 723 204 
31611 
8235 5742 4232 2575 723 204 
31611 
8235 5742 4232 2575 723 204 
31611 
8235 5742 4232 2575 723 204 
31611 
8235 5742 4232 2575 723 204 
31611 
8235 5742 4232 2575 723 204 
31611 
8235 5742 4232 2575 723 204 
31611 
8235 5742 4232 2575 723 204 
31611 
8235 5742 4232 2575 723 204 
31611 
8235 5742 4232 2575 723 204 
16763 3655 2451 1862 1088 575 279 
16763 3655 2451 1862 1088 575 279 
16763 3655 2451 1862 1088 575 279 
16763 3655 2451 1862 1088 575 279 
16763 3655 2451 1862 1088 575 279 
16763 3655 2451 1862 1088 575 279 
16763 3655 2451 1862 1088 575 279 
16763 3655 2451 1862 1088 575 279 
16763 3655 2451 1862 1088 575 279 
16763 3655 2451 1862 1088 575 279 
31642 
16066 3725 2473 1050 104 
31642 
16066 3725 2473 1050 104 
31642 
16066 3725 2473 1050 104 
31642 
16066 3725 2473 1050 104 
31642 
16066 3725 2473 1050 104 
31642 
16066 3725 2473 1050 104 
31642 
16066 3725 2473 1050 104 
31642 
16066 3725 2473 1050 104 
31642 
16066 3725 2473 1050 104 
31642 
16066 3725 2473 1050 104 
13068 5266 3983 3011 2261 1633 614 364 101 
13068 5266 3983 3011 2261 1633 614 364 101 
13068 5266 3983 3011 2261 1633 614 364 101 
13068 5266 3983 3011 2261 1633 614 364 101 
13068 5266 3983 3011 2261 1633 614 364 101 
13068 5266 3983 3011 2261 1633 614 364 101 
13068 5266 3983 3011 2261 1633 614 364 101 
13068 5266 3983 3011 2261 1633 614 364 101 
13068 5266 3983 3011 2261 1633 614 364 101 
13068 5266 3983 3011 2261 1633 614 364 101 
30094 
9413 3248 1700 1281 727 102 
30094 
9413 3248 1700 1281 727 102 
30094 
9413 3248 1700 1281 727 102 
30094 
9413 3248 1700 1281 727 102 
30094 
9413 3248 1700 1281 727 102 
30094 
9413 3248 1700 1281 727 102 
30094 
9413 3248 1700 1281 727 102 
30094 
9413 3248 1700 1281 727 102 
30094 
9413 3248 1700 1281 727 102 
30094 
9413 3248 1700 1281 727 102 
31922 
7093 6265 2715 1380 419 90 39 
31922 
7093 6265 2715 1380 419 90 39 
31922 
7093 6265 2715 1380 419 90 39 
31922 
7093 6265 2715 1380 419 90 39 
31922 
7093 6265 2715 1380 419 90 39 
31922 
7093 6265 2715 1380 419 90 39 
31922 
7093 6265 2715 1380 419 90 39 
31922 
7093 6265 2715 1380 419 90 39 
31922 
7093 6265 2715 1380 419 90 39 
31922 
7093 6265 2715 1380 419 90 39 
33931 
5973 5686 2808 1548 121 95 
33931 
5973 5686 2808 1548 121 95 
33931 
5973 5686 2808 1548 121 95 
33931 
5973 5686 2808 1548 121 95 
33931 
5973 5686 2808 1548 121 95 
33931 
5973 5686 2808 1548 121 95 
33931 
5973 5686 2808 1548 121 95 
33931 
5973 5686 2808 1548 121 95 
33931 
5973 5686 2808 1548 121 95 
33931 
5973 5686 2808 1548 121 95 
12496 5451 3035 2123 1596 947 771 261 80 
12496 5451 3035 2123 1596 947 771 261 80 
12496 5451 3035 2123 1596 947 771 261 80 
12496 5451 3035 2123 1596 947 771 261 80 
12496 5451 3035 2123 1596 947 771 261 80 
12496 5451 3035 2123 1596 947 771 261 80 
12496 5451 3035 2123 1596 947 771 261 80 
12496 5451 3035 2123 1596 947 771 261 80 
12496 5451 3035 2123 1596 947 771 261 80 
12496 5451 3035 2123 1596 947 771 261 80 
30686 
15163 2974 688 289 
30686 
15163 2974 688 289 
30686 
15163 2974 688 289 
30686 
15163 2974 688 289 
30686 
15163 2974 688 289 
30686 
15163 2974 688 289 
30686 
15163 2974 688 289 
30686 
15163 2974 688 289 
30686 
15163 2974 688 289 
30686 
15163 2974 688 289 
24120 
7738 3060 2264 1360 1109 85 
24120 
7738 3060 2264 1360 1109 85 
24120 
7738 3060 2264 1360 1109 85 
24120 
7738 3060 2264 1360 1109 85 
24120 
7738 3060 2264 1360 1109 85 
24120 
7738 3060 2264 1360 1109 85 
24120 
7738 3060 2264 1360 1109 85 
24120 
7738 3060 2264 1360 1109 85 
24120 
7738 3060 2264 1360 1109 85 
24120 
7738 3060 2264 1360 1109 85 
24932 
18493 1329 208 
24932 
18493 1329 208 
24932 
18493 1329 208 
24932 
18493 1329 208 
24932 
18493 1329 208 
24932 
18493 1329 208 
24932 
18493 1329 208 
24932 
18493 1329 208 
24932 
18493 1329 208 
24932 
18493 1329 208 
10306 6032 4477 3290 2233 1615 1430 356 281 
10306 6032 4477 3290 2233 1615 1430 356 281 
10306 6032 4477 3290 2233 1615 1430 356 281 
10306 6032 4477 3290 2233 1615 1430 356 281 
10306 6032 4477 3290 2233 1615 1430 356 281 
10306 6032 4477 3290 2233 1615 1430 356 281 
10306 6032 4477 3290 2233 1615 1430 356 281 
10306 6032 4477 3290 2233 1615 1430 356 281 
10306 6032 4477 3290 2233 1615 1430 356 281 
10306 6032 4477 3290 2233 1615 1430 356 281 
31062 
16114 2253 857 
31062 
16114 2253 857 
31062 
16114 2253 857 
31062 
16114 2253 857 
31062 
16114 2253 857 
31062 
16114 2253 857 
31062 
16114 2253 857 
31062 
16114 2253 857 
31062 
16114 2253 857 
31062 
16114 2253 857 
29039 
15504 177 
29039 
15504 177 
29039 
15504 177 
29039 
15504 177 
29039 
15504 177 
29039 
15504 177 
29039 
15504 177 
29039 
15504 177 
29039 
15504 177 
29039 
15504 177 
26112 
15320 3118 2176 163 
26112 
15320 3118 2176 163 
26112 
15320 3118 2176 163 
26112 
15320 3118 2176 163 
26112 
15320 3118 2176 163 
26112 
15320 3118 2176 163 
26112 
15320 3118 2176 163 
26112 
15320 3118 2176 163 
26112 
15320 3118 2176 163 
26112 
15320 3118 2176 163 
8739 6276 3059 1738 1358 761 512 200 198 
8739 6276 3059 1738 1358 761 512 200 198 
8739 6276 3059 1738 1358 761 512 200 198 
8739 6276 3059 1738 1358 761 512 200 198 
8739 6276 3059 1738 1358 761 512 200 198 
8739 6276 3059 1738 1358 761 512 200 198 
8739 6276 3059 1738 1358 761 512 200 198 
8739 6276 3059 1738 1358 761 512 200 198 
8739 6276 3059 1738 1358 761 512 200 198 
8739 6276 3059 1738 1358 761 512 200 198 
18942 5413 3757 2519 1402 1019 706 208 
18942 5413 3757 2519 1402 1019 706 208 
18942 5413 3757 2519 1402 1019 706 208 
18942 5413 3757 2519 1402 1019 706 208 
18942 5413 3757 2519 1402 1019 706 208 
18942 5413 3757 2519 1402 1019 706 208 
18942 5413 3757 2519 1402 1019 706 208 
18942 5413 3757 2519 1402 1019 706 208 
18942 5413 3757 2519 1402 1019 706 208 
18942 5413 3757 2519 1402 1019 706 208 
9366 7208 2549 1808 1410 1106 832 563 277 138 
9366 7208 2549 1808 1410 1106 832 563 277 138 
9366 7208 2549 1808 1410 1106 832 563 277 138 
9366 7208 2549 1808 1410 1106 832 563 277 138 
9366 7208 2549 1808 1410 1106 832 563 277 138 
9366 7208 2549 1808 1410 1106 832 563 277 138 
9366 7208 2549 1808 1410 1106 832 563 277 138 
9366 7208 2549 1808 1410 1106 832 563 277 138 
9366 7208 2549 1808 1410 1106 832 563 277 138 
9366 7208 2549 1808 1410 1106 832 563 277 138 
29153 
13526 3253 1570 969 210 
29153 
13526 3253 1570 969 210 
29153 
13526 3253 1570 969 210 
29153 
13526 3253 1570 969 210 
29153 
13526 3253 1570 969 210 
29153 
13526 3253 1570 969 210 
29153 
13526 3253 1570 969 210 
29153 
13526 3253 1570 969 210 
29153 
13526 3253 1570 969 210 
29153 
13526 3253 1570 969 210 
28860 
4494 4312 2884 1486 839 499 165 
28860 
4494 4312 2884 1486 839 499 165 
28860 
4494 4312 2884 1486 839 499 165 
28860 
4494 4312 2884 1486 839 499 165 
28860 
4494 4312 2884 1486 839 499 165 
28860 
4494 4312 2884 1486 839 499 165 
28860 
4494 4312 2884 1486 839 499 165 
28860 
4494 4312 2884 1486 839 499 165 
28860 
4494 4312 2884 1486 839 499 165 
28860 
4494 4312 2884 1486 839 499 165 
33949 
13026 5333 2585 1262 518 119 
33949 
13026 5333 2585 1262 518 119 
33949 
13026 5333 2585 1262 518 119 
33949 
13026 5333 2585 1262 518 119 
33949 
13026 5333 2585 1262 518 119 
33949 
13026 5333 2585 1262 518 119 
33949 
13026 5333 2585 1262 518 119 
33949 
13026 5333 2585 1262 518 119 
33949 
13026 5333 2585 1262 518 119 
33949 
13026 5333 2585 1262 518 119 
26906 
15833 1650 1226 179 
26906 
15833 1650 1226 179 
26906 
15833 1650 1226 179 
26906 
15833 1650 1226 179 
26906 
15833 1650 1226 179 
26906 
15833 1650 1226 179 
26906 
15833 1650 1226 179 
26906 
15833 1650 1226 179 
26906 
15833 1650 1226 179 
26906 
15833 1650 1226 179 
10631 9170 6498 3405 1852 1205 449 213 152 
10631 9170 6498 3405 1852 1205 449 213 152 
10631 9170 6498 3405 1852 1205 449 213 152 
10631 9170 6498 3405 1852 1205 449 213 152 
10631 9170 6498 3405 1852 1205 449 213 152 
10631 9170 6498 3405 1852 1205 449 213 152 
10631 9170 6498 3405 1852 1205 449 213 152 
10631 9170 6498 3405 1852 1205 449 213 152 
10631 9170 6498 3405 1852 1205 449 213 152 
10631 9170 6498 3405 1852 1205 449 213 152 
32096 
10402 3973 1574 818 75 61 
32096 
10402 3973 1574 818 75 61 
32096 
10402 3973 1574 818 75 61 
32096 
10402 3973 1574 818 75 61 
32096 
10402 3973 1574 818 75 61 
32096 
10402 3973 1574 818 75 61 
32096 
10402 3973 1574 818 75 61 
32096 
10402 3973 1574 818 75 61 
32096 
10402 3973 1574 818 75 61 
32096 
10402 3973 1574 818 75 61 
29621 
16531 839 358 156 
29621 
16531 839 358 156 
29621 
16531 839 358 156 
29621 
16531 839 358 156 
29621 
16531 839 358 156 
29621 
16531 839 358 156 
29621 
16531 839 358 156 
29621 
16531 839 358 156 
29621 
16531 839 358 156 
29621 
16531 839 358 156 
29372 
7921 6706 4210 2718 541 328 
29372 
7921 6706 4210 2718 541 328 
29372 
7921 6706 4210 2718 541 328 
29372 
7921 6706 4210 2718 541 328 
29372 
7921 6706 4210 2718 541 328 
29372 
7921 6706 4210 2718 541 328 
29372 
7921 6706 4210 2718 541 328 
29372 
7921 6706 4210 2718 541 328 
29372 
7921 6706 4210 2718 541 328 
29372 
7921 6706 4210 2718 541 328 
29644 
8043 7687 2011 1369 136 
29644 
8043 7687 2011 1369 136 
29644 
8043 7687 2011 1369 136 
29644 
8043 7687 2011 1369 136 
29644 
8043 7687 2011 1369 136 
29644 
8043 7687 2011 1369 136 
29644 
8043 7687 2011 1369 136 
29644 
8043 7687 2011 1369 136 
29644 
8043 7687 2011 1369 136 
29644 
8043 7687 2011 1369 136 
32413 
7431 4978 3103 1578 1081 391 
32413 
7431 4978 3103 1578 1081 391 
32413 
7431 4978 3103 1578 1081 391 
32413 
7431 4978 3103 1578 1081 391 
32413 
7431 4978 3103 1578 1081 391 
32413 
7431 4978 3103 1578 1081 391 
32413 
7431 4978 3103 1578 1081 391 
32413 
7431 4978 3103 1578 1081 391 
32413 
7431 4978 3103 1578 1081 391 
32413 
7431 4978 3103 1578 1081 391 
10008 4866 3358 2598 1718 1322 1161 524 177 
10008 4866 3358 2598 1718 1322 1161 524 177 
10008 4866 3358 2598 1718 1322 1161 524 177 
10008 4866 3358 2598 1718 1322 1161 524 177 
10008 4866 3358 2598 1718 1322 1161 524 177 
10008 4866 3358 2598 1718 1322 1161 524 177 
10008 4866 3358 2598 1718 1322 1161 524 177 
10008 4866 3358 2598 1718 1322 1161 524 177 
10008 4866 3358 2598 1718 1322 1161 524 177 
10008 4866 3358 2598 1718 1322 1161 524 177 
9684 8487 5612 3147 1877 1136 617 229 75 
9684 8487 5612 3147 1877 1136 617 229 75 
9684 8487 5612 3147 1877 1136 617 229 75 
9684 8487 5612 3147 1877 1136 617 229 75 
9684 8487 5612 3147 1877 1136 617 229 75 
9684 8487 5612 3147 1877 1136 617 229 75 
9684 8487 5612 3147 1877 1136 617 229 75 
9684 8487 5612 3147 1877 1136 617 229 75 
9684 8487 5612 3147 1877 1136 617 229 75 
9684 8487 5612 3147 1877 1136 617 229 75 
31307 
11945 3837 2965 1214 
31307 
11945 3837 2965 1214 
31307 
11945 3837 2965 1214 
31307 
11945 3837 2965 1214 
31307 
11945 3837 2965 1214 
31307 
11945 3837 2965 1214 
31307 
11945 3837 2965 1214 
31307 
11945 3837 2965 1214 
31307 
11945 3837 2965 1214 
31307 
11945 3837 2965 1214 
31725 
4990 4811 4070 2235 1253 323 181 
31725 
4990 4811 4070 2235 1253 323 181 
31725 
4990 4811 4070 2235 1253 323 181 
31725 
4990 4811 4070 2235 1253 323 181 
31725 
4990 4811 4070 2235 1253 323 181 
31725 
4990 4811 4070 2235 1253 323 181 
31725 
4990 4811 4070 2235 1253 323 181 
31725 
4990 4811 4070 2235 1253 323 181 
31725 
4990 4811 4070 2235 1253 323 181 
31725 
4990 4811 4070 2235 1253 323 181 
17693 
14842 1764 337 
17693 
14842 1764 337 
17693 
14842 1764 337 
17693 
14842 1764 337 
17693 
14842 1764 337 
17693 
14842 1764 337 
17693 
14842 1764 337 
17693 
14842 1764 337 
17693 
14842 1764 337 
17693 
14842 1764 337 
29429 
7183 4897 2953 1997 429 227 
29429 
7183 4897 2953 1997 429 227 
29429 
7183 4897 2953 1997 429 227 
29429 
7183 4897 2953 1997 429 227 
29429 
7183 4897 2953 1997 429 227 
29429 
7183 4897 2953 1997 429 227 
29429 
7183 4897 2953 1997 429 227 
29429 
7183 4897 2953 1997 429 227 
29429 
7183 4897 2953 1997 429 227 
29429 
7183 4897 2953 1997 429 227 
9547 6895 4834 4001 2545 1487 1082 204 
9547 6895 4834 4001 2545 1487 1082 204 
9547 6895 4834 4001 2545 1487 1082 204 
9547 6895 4834 4001 2545 1487 1082 204 
9547 6895 4834 4001 2545 1487 1082 204 
9547 6895 4834 4001 2545 1487 1082 204 
9547 6895 4834 4001 2545 1487 1082 204 
9547 6895 4834 4001 2545 1487 1082 204 
9547 6895 4834 4001 2545 1487 1082 204 
9547 6895 4834 4001 2545 1487 1082 204 
30469 
15547 4573 2329 374 
30469 
15547 4573 2329 374 
30469 
15547 4573 2329 374 
30469 
15547 4573 2329 374 
30469 
15547 4573 2329 374 
30469 
15547 4573 2329 374 
30469 
15547 4573 2329 374 
30469 
15547 4573 2329 374 
30469 
15547 4573 2329 374 
30469 
15547 4573 2329 374 
25436 
6325 4412 3081 2059 951 229 47 
25436 
6325 4412 3081 2059 951 229 47 
25436 
6325 4412 3081 2059 951 229 47 
25436 
6325 4412 3081 2059 951 229 47 
25436 
6325 4412 3081 2059 951 229 47 
25436 
6325 4412 3081 2059 951 229 47 
25436 
6325 4412 3081 2059 951 229 47 
25436 
6325 4412 3081 2059 951 229 47 
25436 
6325 4412 3081 2059 951 229 47 
25436 
6325 4412 3081 2059 951 229 47 
14706 5694 4603 2858 1953 1456 1161 608 295 158 
14706 5694 4603 2858 1953 1456 1161 608 295 158 
14706 5694 4603 2858 1953 1456 1161 608 295 158 
14706 5694 4603 2858 1953 1456 1161 608 295 158 
14706 5694 4603 2858 1953 1456 1161 608 295 158 
14706 5694 4603 2858 1953 1456 1161 608 295 158 
14706 5694 4603 2858 1953 1456 1161 608 295 158 
14706 5694 4603 2858 1953 1456 1161 608 295 158 
14706 5694 4603 2858 1953 1456 1161 608 295 158 
14706 5694 4603 2858 1953 1456 1161 608 295 158 
26219 
7517 5865 4259 1057 115 
26219 
7517 5865 4259 1057 115 
26219 
7517 5865 4259 1057 115 
26219 
7517 5865 4259 1057 115 
26219 
7517 5865 4259 1057 115 
26219 
7517 5865 4259 1057 115 
26219 
7517 5865 4259 1057 115 
26219 
7517 5865 4259 1057 115 
26219 
7517 5865 4259 1057 115 
26219 
7517 5865 4259 1057 115 
21945 
17024 2941 1211 415 
21945 
17024 2941 1211 415 
21945 
17024 2941 1211 415 
21945 
17024 2941 1211 415 
21945 
17024 2941 1211 415 
21945 
17024 2941 1211 415 
21945 
17024 2941 1211 415 
21945 
17024 2941 1211 415 
21945 
17024 2941 1211 415 
21945 
17024 2941 1211 415 
24160 
13236 3930 2451 759 308 
24160 
13236 3930 2451 759 308 
24160 
13236 3930 2451 759 308 
24160 
13236 3930 2451 759 308 
24160 
13236 3930 2451 759 308 
24160 
13236 3930 2451 759 308 
24160 
13236 3930 2451 759 308 
24160 
13236 3930 2451 759 308 
24160 
13236 3930 2451 759 308 
24160 
13236 3930 2451 759 308 
28420 
10322 5957 2646 1841 576 327 
28420 
10322 5957 2646 1841 576 327 
28420 
10322 5957 2646 1841 576 327 
28420 
10322 5957 2646 1841 576 327 
28420 
10322 5957 2646 1841 576 327 
28420 
10322 5957 2646 1841 576 327 
28420 
10322 5957 2646 1841 576 327 
28420 
10322 5957 2646 1841 576 327 
28420 
10322 5957 2646 1841 576 327 
28420 
10322 5957 2646 1841 576 327 
32194 
15156 4753 3038 1559 204 
32194 
15156 4753 3038 1559 204 
32194 
15156 4753 3038 1559 204 
32194 
15156 4753 3038 1559 204 
32194 
15156 4753 3038 1559 204 
32194 
15156 4753 3038 1559 204 
32194 
15156 4753 3038 1559 204 
32194 
15156 4753 3038 1559 204 
32194 
15156 4753 3038 1559 204 
32194 
15156 4753 3038 1559 204 
30662 
15946 326 238 
30662 
15946 326 238 
30662 
15946 326 238 
30662 
15946 326 238 
30662 
15946 326 238 
30662 
15946 326 238 
30662 
15946 326 238 
30662 
15946 326 238 
30662 
15946 326 238 
30662 
15946 326 238 
11885 4686 2739 2239 1686 1178 977 473 78 
11885 4686 2739 2239 1686 1178 977 473 78 
11885 4686 2739 2239 1686 1178 977 473 78 
11885 4686 2739 2239 1686 1178 977 473 78 
11885 4686 2739 2239 1686 1178 977 473 78 
11885 4686 2739 2239 1686 1178 977 473 78 
11885 4686 2739 2239 1686 1178 977 473 78 
11885 4686 2739 2239 1686 1178 977 473 78 
11885 4686 2739 2239 1686 1178 977 473 78 
11885 4686 2739 2239 1686 1178 977 473 78 
28712 
4968 4082 2732 1644 1343 399 274 
28712 
4968 4082 2732 1644 1343 399 274 
28712 
4968 4082 2732 1644 1343 399 274 
28712 
4968 4082 2732 1644 1343 399 274 
28712 
4968 4082 2732 1644 1343 399 274 
28712 
4968 4082 2732 1644 1343 399 274 
28712 
4968 4082 2732 1644 1343 399 274 
28712 
4968 4082 2732 1644 1343 399 274 
28712 
4968 4082 2732 1644 1343 399 274 
28712 
4968 4082 2732 1644 1343 399 274 
31733 
7121 5774 3175 1648 664 56 
31733 
7121 5774 3175 1648 664 56 
31733 
7121 5774 3175 1648 664 56 
31733 
7121 5774 3175 1648 664 56 
31733 
7121 5774 3175 1648 664 56 
31733 
7121 5774 3175 1648 664 56 
31733 
7121 5774 3175 1648 664 56 
31733 
7121 5774 3175 1648 664 56 
31733 
7121 5774 3175 1648 664 56 
31733 
7121 5774 3175 1648 664 56 
8153 7441 4505 3859 2584 1559 1148 805 440 
8153 7441 4505 3859 2584 1559 1148 805 440 
8153 7441 4505 3859 2584 1559 1148 805 440 
8153 7441 4505 3859 2584 1559 1148 805 440 
8153 7441 4505 3859 2584 1559 1148 805 440 
8153 7441 4505 3859 2584 1559 1148 805 440 
8153 7441 4505 3859 2584 1559 1148 805 440 
8153 7441 4505 3859 2584 1559 1148 805 440 
8153 7441 4505 3859 2584 1559 1148 805 440 
8153 7441 4505 3859 2584 1559 1148 805 440 
17446 3281 2391 2008 1129 732 614 21 
17446 3281 2391 2008 1129 732 614 21 
17446 3281 2391 2008 1129 732 614 21 
17446 3281 2391 2008 1129 732 614 21 
17446 3281 2391 2008 1129 732 614 21 
17446 3281 2391 2008 1129 732 614 21 
17446 3281 2391 2008 1129 732 614 21 
17446 3281 2391 2008 1129 732 614 21 
17446 3281 2391 2008 1129 732 614 21 
17446 3281 2391 2008 1129 732 614 21 
12490 7342 3581 2453 1764 1403 488 239 119 
12490 7342 3581 2453 1764 1403 488 239 119 
12490 7342 3581 2453 1764 1403 488 239 119 
12490 7342 3581 2453 1764 1403 488 239 119 
12490 7342 3581 2453 1764 1403 488 239 119 
12490 7342 3581 2453 1764 1403 488 239 119 
12490 7342 3581 2453 1764 1403 488 239 119 
12490 7342 3581 2453 1764 1403 488 239 119 
12490 7342 3581 2453 1764 1403 488 239 119 
12490 7342 3581 2453 1764 1403 488 239 119 
9819 3091 1924 931 635 210 183 113 
9819 3091 1924 931 635 210 183 113 
9819 3091 1924 931 635 210 183 113 
9819 3091 1924 931 635 210 183 113 
9819 3091 1924 931 635 210 183 113 
9819 3091 1924 931 635 210 183 113 
9819 3091 1924 931 635 210 183 113 
9819 3091 1924 931 635 210 183 113 
9819 3091 1924 931 635 210 183 113 
9819 3091 1924 931 635 210 183 113 
10661 7373 6171 3150 2271 1314 1094 150 
10661 7373 6171 3150 2271 1314 1094 150 
10661 7373 6171 3150 2271 1314 1094 150 
10661 7373 6171 3150 2271 1314 1094 150 
10661 7373 6171 3150 2271 1314 1094 150 
10661 7373 6171 3150 2271 1314 1094 150 
10661 7373 6171 3150 2271 1314 1094 150 
10661 7373 6171 3150 2271 1314 1094 150 
10661 7373 6171 3150 2271 1314 1094 150 
10661 7373 6171 3150 2271 1314 1094 150 
33928 
18584 800 326 180 
33928 
18584 800 326 180 
33928 
18584 800 326 180 
33928 
18584 800 326 180 
33928 
18584 800 326 180 
33928 
18584 800 326 180 
33928 
18584 800 326 180 
33928 
18584 800 326 180 
33928 
18584 800 326 180 
33928 
18584 800 326 180 
25510 
7576 5946 3350 1684 350 139 
25510 
7576 5946 3350 1684 350 139 
25510 
7576 5946 3350 1684 350 139 
25510 
7576 5946 3350 1684 350 139 
25510 
7576 5946 3350 1684 350 139 
25510 
7576 5946 3350 1684 350 139 
25510 
7576 5946 3350 1684 350 139 
25510 
7576 5946 3350 1684 350 139 
25510 
7576 5946 3350 1684 350 139 
25510 
7576 5946 3350 1684 350 139 
33723 
8434 6226 3725 860 238 
33723 
8434 6226 3725 860 238 
33723 
8434 6226 3725 860 238 
33723 
8434 6226 3725 860 238 
33723 
8434 6226 3725 860 238 
33723 
8434 6226 3725 860 238 
33723 
8434 6226 3725 860 238 
33723 
8434 6226 3725 860 238 
33723 
8434 6226 3725 860 238 
33723 
8434 6226 3725 860 238 
8294 5225 3970 3270 2100 1497 899 428 189 121 
8294 5225 3970 3270 2100 1497 899 428 189 121 
8294 5225 3970 3270 2100 1497 899 428 189 121 
8294 5225 3970 3270 2100 1497 899 428 189 121 
8294 5225 3970 3270 2100 1497 899 428 189 121 
8294 5225 3970 3270 2100 1497 899 428 189 121 
8294 5225 3970 3270 2100 1497 899 428 189 121 
8294 5225 3970 3270 2100 1497 899 428 189 121 
8294 5225 3970 3270 2100 1497 899 428 189 121 
8294 5225 3970 3270 2100 1497 899 428 189 121 
33641 
12629 4239 1696 151 
33641 
12629 4239 1696 151 
33641 
12629 4239 1696 151 
33641 
12629 4239 1696 151 
33641 
12629 4239 1696 151 
33641 
12629 4239 1696 151 
33641 
12629 4239 1696 151 
33641 
12629 4239 1696 151 
33641 
12629 4239 1696 151 
33641 
12629 4239 1696 151 
8518 7337 4188 2885 1705 1401 974 880 228 193 
8518 7337 4188 2885 1705 1401 974 880 228 193 
8518 7337 4188 2885 1705 1401 974 880 228 193 
8518 7337 4188 2885 1705 1401 974 880 228 193 
8518 7337 4188 2885 1705 1401 974 880 228 193 
8518 7337 4188 2885 1705 1401 974 880 228 193 
8518 7337 4188 2885 1705 1401 974 880 228 193 
8518 7337 4188 2885 1705 1401 974 880 228 193 
8518 7337 4188 2885 1705 1401 974 880 228 193 
8518 7337 4188 2885 1705 1401 974 880 228 193 
12321 6016 3841 2385 1759 1103 809 415 211 
12321 6016 3841 2385 1759 1103 809 415 211 
12321 6016 3841 2385 1759 1103 809 415 211 
12321 6016 3841 2385 1759 1103 809 415 211 
12321 6016 3841 2385 1759 1103 809 415 211 
12321 6016 3841 2385 1759 1103 809 415 211 
12321 6016 3841 2385 1759 1103 809 415 211 
12321 6016 3841 2385 1759 1103 809 415 211 
12321 6016 3841 2385 1759 1103 809 415 211 
12321 6016 3841 2385 1759 1103 809 415 211 
5598 4586 3937 3398 2623 1871 1146 616 254 24 
5598 4586 3937 3398 2623 1871 1146 616 254 24 
5598 4586 3937 3398 2623 1871 1146 616 254 24 
5598 4586 3937 3398 2623 1871 1146 616 254 24 
5598 4586 3937 3398 2623 1871 1146 616 254 24 
5598 4586 3937 3398 2623 1871 1146 616 254 24 
5598 4586 3937 3398 2623 1871 1146 616 254 24 
5598 4586 3937 3398 2623 1871 1146 616 254 24 
5598 4586 3937 3398 2623 1871 1146 616 254 24 
5598 4586 3937 3398 2623 1871 1146 616 254 24 
8190 7793 2951 2342 1345 526 366 180 
8190 7793 2951 2342 1345 526 366 180 
8190 7793 2951 2342 1345 526 366 180 
8190 7793 2951 2342 1345 526 366 180 
8190 7793 2951 2342 1345 526 366 180 
8190 7793 2951 2342 1345 526 366 180 
8190 7793 2951 2342 1345 526 366 180 
8190 7793 2951 2342 1345 526 366 180 
8190 7793 2951 2342 1345 526 366 180 
8190 7793 2951 2342 1345 526 366 180 
28618 
5714 4873 2438 1831 1311 240 
28618 
5714 4873 2438 1831 1311 240 
28618 
5714 4873 2438 1831 1311 240 
28618 
5714 4873 2438 1831 1311 240 
28618 
5714 4873 2438 1831 1311 240 
28618 
5714 4873 2438 1831 1311 240 
28618 
5714 4873 2438 1831 1311 240 
28618 
5714 4873 2438 1831 1311 240 
28618 
5714 4873 2438 1831 1311 240 
28618 
5714 4873 2438 1831 1311 240 
30398 
6177 6177 2965 2310 950 168 
30398 
6177 6177 2965 2310 950 168 
30398 
6177 6177 2965 2310 950 168 
30398 
6177 6177 2965 2310 950 168 
30398 
6177 6177 2965 2310 950 168 
30398 
6177 6177 2965 2310 950 168 
30398 
6177 6177 2965 2310 950 168 
30398 
6177 6177 2965 2310 950 168 
30398 
6177 6177 2965 2310 950 168 
30398 
6177 6177 2965 2310 950 168 
11020 9547 3661 2433 1911 1203 569 244 177 
11020 9547 3661 2433 1911 1203 569 244 177 
11020 9547 3661 2433 1911 1203 569 244 177 
11020 9547 3661 2433 1911 1203 569 244 177 
11020 9547 3661 2433 1911 1203 569 244 177 
11020 9547 3661 2433 1911 1203 569 244 177 
11020 9547 3661 2433 1911 1203 569 244 177 
11020 9547 3661 2433 1911 1203 569 244 177 
11020 9547 3661 2433 1911 1203 569 244 177 
11020 9547 3661 2433 1911 1203 569 244 177 
30862 
12611 4329 2054 773 354 
30862 
12611 4329 2054 773 354 
30862 
12611 4329 2054 773 354 
30862 
12611 4329 2054 773 354 
30862 
12611 4329 2054 773 354 
30862 
12611 4329 2054 773 354 
30862 
12611 4329 2054 773 354 
30862 
12611 4329 2054 773 354 
30862 
12611 4329 2054 773 354 
30862 
12611 4329 2054 773 354 
14073 4358 3662 2691 2074 1350 188 151 
14073 4358 3662 2691 2074 1350 188 151 
14073 4358 3662 2691 2074 1350 188 151 
14073 4358 3662 2691 2074 1350 188 151 
14073 4358 3662 2691 2074 1350 188 151 
14073 4358 3662 2691 2074 1350 188 151 
14073 4358 3662 2691 2074 1350 188 151 
14073 4358 3662 2691 2074 1350 188 151 
14073 4358 3662 2691 2074 1350 188 151 
14073 4358 3662 2691 2074 1350 188 151 
13636 1921 1252 756 557 191 132 
13636 1921 1252 756 557 191 132 
13636 1921 1252 756 557 191 132 
13636 1921 1252 756 557 191 132 
13636 1921 1252 756 557 191 132 
13636 1921 1252 756 557 191 132 
13636 1921 1252 756 557 191 132 
13636 1921 1252 756 557 191 132 
13636 1921 1252 756 557 191 132 
13636 1921 1252 756 557 191 132 
7033 5824 2751 1851 855 729 411 260 194 183 177 70 
7033 5824 2751 1851 855 729 411 260 194 183 177 70 
7033 5824 2751 1851 855 729 411 260 194 183 177 70 
7033 5824 2751 1851 855 729 411 260 194 183 177 70 
7033 5824 2751 1851 855 729 411 260 194 183 177 70 
7033 5824 2751 1851 855 729 411 260 194 183 177 70 
7033 5824 2751 1851 855 729 411 260 194 183 177 70 
7033 5824 2751 1851 855 729 411 260 194 183 177 70 
7033 5824 2751 1851 855 729 411 260 194 183 177 70 
7033 5824 2751 1851 855 729 411 260 194 183 177 70 
24667 
12783 3254 1311 245 
24667 
12783 3254 1311 245 
24667 
12783 3254 1311 245 
24667 
12783 3254 1311 245 
24667 
12783 3254 1311 245 
24667 
12783 3254 1311 245 
24667 
12783 3254 1311 245 
24667 
12783 3254 1311 245 
24667 
12783 3254 1311 245 
24667 
12783 3254 1311 245 
31256 860 330 240 194 76 
31256 860 330 240 194 76 
31256 860 330 240 194 76 
31256 860 330 240 194 76 
31256 860 330 240 194 76 
31256 860 330 240 194 76 
31256 860 330 240 194 76 
31256 860 330 240 194 76 
31256 860 330 240 194 76 
31256 860 330 240 194 76 
33437 
12103 7015 2638 2107 1089 208 
33437 
12103 7015 2638 2107 1089 208 
33437 
12103 7015 2638 2107 1089 208 
33437 
12103 7015 2638 2107 1089 208 
33437 
12103 7015 2638 2107 1089 208 
33437 
12103 7015 2638 2107 1089 208 
33437 
12103 7015 2638 2107 1089 208 
33437 
12103 7015 2638 2107 1089 208 
33437 
12103 7015 2638 2107 1089 208 
33437 
12103 7015 2638 2107 1089 208 
16214 4694 2265 1398 1117 585 260 184 116 
16214 4694 2265 1398 1117 585 260 184 116 
16214 4694 2265 1398 1117 585 260 184 116 
16214 4694 2265 1398 1117 585 260 184 116 
16214 4694 2265 1398 1117 585 260 184 116 
16214 4694 2265 1398 1117 585 260 184 116 
16214 4694 2265 1398 1117 585 260 184 116 
16214 4694 2265 1398 1117 585 260 184 116 
16214 4694 2265 1398 1117 585 260 184 116 
16214 4694 2265 1398 1117 585 260 184 116 
29004 
10717 3084 1784 595 
29004 
10717 3084 1784 595 
29004 
10717 3084 1784 595 
29004 
10717 3084 1784 595 
29004 
10717 3084 1784 595 
29004 
10717 3084 1784 595 
29004 
10717 3084 1784 595 
29004 
10717 3084 1784 595 
29004 
10717 3084 1784 595 
29004 
10717 3084 1784 595 
26978 
7254 6267 2849 1318 596 145 
26978 
7254 6267 2849 1318 596 145 
26978 
7254 6267 2849 1318 596 145 
26978 
7254 6267 2849 1318 596 145 
26978 
7254 6267 2849 1318 596 145 
26978 
7254 6267 2849 1318 596 145 
26978 
7254 6267 2849 1318 596 145 
26978 
7254 6267 2849 1318 596 145 
26978 
7254 6267 2849 1318 596 145 
26978 
7254 6267 2849 1318 596 145 
26094 
10272 4672 2595 891 183 
26094 
10272 4672 2595 891 183 
26094 
10272 4672 2595 891 183 
26094 
10272 4672 2595 891 183 
26094 
10272 4672 2595 891 183 
26094 
10272 4672 2595 891 183 
26094 
10272 4672 2595 891 183 
26094 
10272 4672 2595 891 183 
26094 
10272 4672 2595 891 183 
26094 
10272 4672 2595 891 183 
9157 6186 3168 2213 1863 906 848 317 195 176 111 
9157 6186 3168 2213 1863 906 848 317 195 176 111 
9157 6186 3168 2213 1863 906 848 317 195 176 111 
9157 6186 3168 2213 1863 906 848 317 195 176 111 
9157 6186 3168 2213 1863 906 848 317 195 176 111 
9157 6186 3168 2213 1863 906 848 317 195 176 111 
9157 6186 3168 2213 1863 906 848 317 195 176 111 
9157 6186 3168 2213 1863 906 848 317 195 176 111 
9157 6186 3168 2213 1863 906 848 317 195 176 111 
9157 6186 3168 2213 1863 906 848 317 195 176 111 
13554 3584 2906 2169 1530 1026 422 187 112 
13554 3584 2906 2169 1530 1026 422 187 112 
13554 3584 2906 2169 1530 1026 422 187 112 
13554 3584 2906 2169 1530 1026 422 187 112 
13554 3584 2906 2169 1530 1026 422 187 112 
13554 3584 2906 2169 1530 1026 422 187 112 
13554 3584 2906 2169 1530 1026 422 187 112 
13554 3584 2906 2169 1530 1026 422 187 112 
13554 3584 2906 2169 1530 1026 422 187 112 
13554 3584 2906 2169 1530 1026 422 187 112 
28011 
7754 2828 1608 1212 752 409 99 
28011 
7754 2828 1608 1212 752 409 99 
