6361 3298 2562 1200 668 440 152 
10136 2032 1293 639 438 142 
6361 3298 2562 1200 668 440 152 
10136 2032 1293 639 438 142 
6361 3298 2562 1200 668 440 152 
10136 2032 1293 639 438 142 
6361 3298 2562 1200 668 440 152 
10136 2032 1293 639 438 142 
6361 3298 2562 1200 668 440 152 
10136 2032 1293 639 438 142 
6361 3298 2562 1200 668 440 152 
10136 2032 1293 639 438 142 
6361 3298 2562 1200 668 440 152 
10136 2032 1293 639 438 142 
6361 3298 2562 1200 668 440 152 
10136 2032 1293 639 438 142 
6361 3298 2562 1200 668 440 152 
10136 2032 1293 639 438 142 
6361 3298 2562 1200 668 440 152 
10136 2032 1293 639 438 142 
14973 3668 2478 1572 1406 588 538 332 
14973 3668 2478 1572 1406 588 538 332 
14973 3668 2478 1572 1406 588 538 332 
14973 3668 2478 1572 1406 588 538 332 
14973 3668 2478 1572 1406 588 538 332 
14973 3668 2478 1572 1406 588 538 332 
14973 3668 2478 1572 1406 588 538 332 
14973 3668 2478 1572 1406 588 538 332 
14973 3668 2478 1572 1406 588 538 332 
14973 3668 2478 1572 1406 588 538 332 
10909 2480 1991 1318 954 801 274 204 
10909 2480 1991 1318 954 801 274 204 
10909 2480 1991 1318 954 801 274 204 
10909 2480 1991 1318 954 801 274 204 
10909 2480 1991 1318 954 801 274 204 
10909 2480 1991 1318 954 801 274 204 
10909 2480 1991 1318 954 801 274 204 
10909 2480 1991 1318 954 801 274 204 
10909 2480 1991 1318 954 801 274 204 
10909 2480 1991 1318 954 801 274 204 
23620 1885 1407 651 467 226 
23620 1885 1407 651 467 226 
23620 1885 1407 651 467 226 
23620 1885 1407 651 467 226 
23620 1885 1407 651 467 226 
23620 1885 1407 651 467 226 
23620 1885 1407 651 467 226 
23620 1885 1407 651 467 226 
23620 1885 1407 651 467 226 
23620 1885 1407 651 467 226 
15655 5989 3568 1877 1712 1014 298 129 
15655 5989 3568 1877 1712 1014 298 129 
15655 5989 3568 1877 1712 1014 298 129 
15655 5989 3568 1877 1712 1014 298 129 
15655 5989 3568 1877 1712 1014 298 129 
15655 5989 3568 1877 1712 1014 298 129 
15655 5989 3568 1877 1712 1014 298 129 
15655 5989 3568 1877 1712 1014 298 129 
15655 5989 3568 1877 1712 1014 298 129 
15655 5989 3568 1877 1712 1014 298 129 
18003 1187 781 522 378 
18003 1187 781 522 378 
18003 1187 781 522 378 
18003 1187 781 522 378 
18003 1187 781 522 378 
18003 1187 781 522 378 
18003 1187 781 522 378 
18003 1187 781 522 378 
18003 1187 781 522 378 
18003 1187 781 522 378 
14380 6222 4363 2829 1545 1412 866 402 373 
14380 6222 4363 2829 1545 1412 866 402 373 
14380 6222 4363 2829 1545 1412 866 402 373 
14380 6222 4363 2829 1545 1412 866 402 373 
14380 6222 4363 2829 1545 1412 866 402 373 
14380 6222 4363 2829 1545 1412 866 402 373 
14380 6222 4363 2829 1545 1412 866 402 373 
14380 6222 4363 2829 1545 1412 866 402 373 
14380 6222 4363 2829 1545 1412 866 402 373 
14380 6222 4363 2829 1545 1412 866 402 373 
8480 5915 3810 3218 2445 2072 1623 1220 800 572 
8480 5915 3810 3218 2445 2072 1623 1220 800 572 
8480 5915 3810 3218 2445 2072 1623 1220 800 572 
8480 5915 3810 3218 2445 2072 1623 1220 800 572 
8480 5915 3810 3218 2445 2072 1623 1220 800 572 
8480 5915 3810 3218 2445 2072 1623 1220 800 572 
8480 5915 3810 3218 2445 2072 1623 1220 800 572 
8480 5915 3810 3218 2445 2072 1623 1220 800 572 
8480 5915 3810 3218 2445 2072 1623 1220 800 572 
8480 5915 3810 3218 2445 2072 1623 1220 800 572 
16203 3204 2229 1637 1461 805 510 259 198 
16203 3204 2229 1637 1461 805 510 259 198 
16203 3204 2229 1637 1461 805 510 259 198 
16203 3204 2229 1637 1461 805 510 259 198 
16203 3204 2229 1637 1461 805 510 259 198 
16203 3204 2229 1637 1461 805 510 259 198 
16203 3204 2229 1637 1461 805 510 259 198 
16203 3204 2229 1637 1461 805 510 259 198 
16203 3204 2229 1637 1461 805 510 259 198 
16203 3204 2229 1637 1461 805 510 259 198 
12644 6019 4573 2616 1671 1050 765 395 85 
12644 6019 4573 2616 1671 1050 765 395 85 
12644 6019 4573 2616 1671 1050 765 395 85 
12644 6019 4573 2616 1671 1050 765 395 85 
12644 6019 4573 2616 1671 1050 765 395 85 
12644 6019 4573 2616 1671 1050 765 395 85 
12644 6019 4573 2616 1671 1050 765 395 85 
12644 6019 4573 2616 1671 1050 765 395 85 
12644 6019 4573 2616 1671 1050 765 395 85 
12644 6019 4573 2616 1671 1050 765 395 85 
19334 5812 3216 1816 1228 902 467 273 
19334 5812 3216 1816 1228 902 467 273 
19334 5812 3216 1816 1228 902 467 273 
19334 5812 3216 1816 1228 902 467 273 
19334 5812 3216 1816 1228 902 467 273 
19334 5812 3216 1816 1228 902 467 273 
19334 5812 3216 1816 1228 902 467 273 
19334 5812 3216 1816 1228 902 467 273 
19334 5812 3216 1816 1228 902 467 273 
19334 5812 3216 1816 1228 902 467 273 
14771 5390 3428 1725 1321 706 550 382 
14771 5390 3428 1725 1321 706 550 382 
14771 5390 3428 1725 1321 706 550 382 
14771 5390 3428 1725 1321 706 550 382 
14771 5390 3428 1725 1321 706 550 382 
14771 5390 3428 1725 1321 706 550 382 
14771 5390 3428 1725 1321 706 550 382 
14771 5390 3428 1725 1321 706 550 382 
14771 5390 3428 1725 1321 706 550 382 
14771 5390 3428 1725 1321 706 550 382 
11258 7278 5595 4038 1452 1388 777 351 322 
11258 7278 5595 4038 1452 1388 777 351 322 
11258 7278 5595 4038 1452 1388 777 351 322 
11258 7278 5595 4038 1452 1388 777 351 322 
11258 7278 5595 4038 1452 1388 777 351 322 
11258 7278 5595 4038 1452 1388 777 351 322 
11258 7278 5595 4038 1452 1388 777 351 322 
11258 7278 5595 4038 1452 1388 777 351 322 
11258 7278 5595 4038 1452 1388 777 351 322 
11258 7278 5595 4038 1452 1388 777 351 322 
16373 2618 1959 1025 787 390 308 
16373 2618 1959 1025 787 390 308 
16373 2618 1959 1025 787 390 308 
16373 2618 1959 1025 787 390 308 
16373 2618 1959 1025 787 390 308 
16373 2618 1959 1025 787 390 308 
16373 2618 1959 1025 787 390 308 
16373 2618 1959 1025 787 390 308 
16373 2618 1959 1025 787 390 308 
16373 2618 1959 1025 787 390 308 
21962 4190 2361 1739 980 670 280 128 
21962 4190 2361 1739 980 670 280 128 
21962 4190 2361 1739 980 670 280 128 
21962 4190 2361 1739 980 670 280 128 
21962 4190 2361 1739 980 670 280 128 
21962 4190 2361 1739 980 670 280 128 
21962 4190 2361 1739 980 670 280 128 
21962 4190 2361 1739 980 670 280 128 
21962 4190 2361 1739 980 670 280 128 
21962 4190 2361 1739 980 670 280 128 
14007 4630 3878 1778 1073 907 470 259 131 
14007 4630 3878 1778 1073 907 470 259 131 
14007 4630 3878 1778 1073 907 470 259 131 
14007 4630 3878 1778 1073 907 470 259 131 
14007 4630 3878 1778 1073 907 470 259 131 
14007 4630 3878 1778 1073 907 470 259 131 
14007 4630 3878 1778 1073 907 470 259 131 
14007 4630 3878 1778 1073 907 470 259 131 
14007 4630 3878 1778 1073 907 470 259 131 
14007 4630 3878 1778 1073 907 470 259 131 
8613 7777 4430 4128 1915 1298 989 680 468 338 
8613 7777 4430 4128 1915 1298 989 680 468 338 
8613 7777 4430 4128 1915 1298 989 680 468 338 
8613 7777 4430 4128 1915 1298 989 680 468 338 
8613 7777 4430 4128 1915 1298 989 680 468 338 
8613 7777 4430 4128 1915 1298 989 680 468 338 
8613 7777 4430 4128 1915 1298 989 680 468 338 
8613 7777 4430 4128 1915 1298 989 680 468 338 
8613 7777 4430 4128 1915 1298 989 680 468 338 
8613 7777 4430 4128 1915 1298 989 680 468 338 
26375 437 390 265 
26375 437 390 265 
26375 437 390 265 
26375 437 390 265 
26375 437 390 265 
26375 437 390 265 
26375 437 390 265 
26375 437 390 265 
26375 437 390 265 
26375 437 390 265 
11227 4098 3056 2130 1435 1044 460 241 
11227 4098 3056 2130 1435 1044 460 241 
11227 4098 3056 2130 1435 1044 460 241 
11227 4098 3056 2130 1435 1044 460 241 
11227 4098 3056 2130 1435 1044 460 241 
11227 4098 3056 2130 1435 1044 460 241 
11227 4098 3056 2130 1435 1044 460 241 
11227 4098 3056 2130 1435 1044 460 241 
11227 4098 3056 2130 1435 1044 460 241 
11227 4098 3056 2130 1435 1044 460 241 
11872 2879 2105 1925 978 917 208 
11872 2879 2105 1925 978 917 208 
11872 2879 2105 1925 978 917 208 
11872 2879 2105 1925 978 917 208 
11872 2879 2105 1925 978 917 208 
11872 2879 2105 1925 978 917 208 
11872 2879 2105 1925 978 917 208 
11872 2879 2105 1925 978 917 208 
11872 2879 2105 1925 978 917 208 
11872 2879 2105 1925 978 917 208 
7932 3246 2869 1967 1260 810 673 250 236 
7932 3246 2869 1967 1260 810 673 250 236 
7932 3246 2869 1967 1260 810 673 250 236 
7932 3246 2869 1967 1260 810 673 250 236 
7932 3246 2869 1967 1260 810 673 250 236 
7932 3246 2869 1967 1260 810 673 250 236 
7932 3246 2869 1967 1260 810 673 250 236 
7932 3246 2869 1967 1260 810 673 250 236 
7932 3246 2869 1967 1260 810 673 250 236 
7932 3246 2869 1967 1260 810 673 250 236 
9798 6055 4949 4078 1987 1151 804 550 490 105 
9798 6055 4949 4078 1987 1151 804 550 490 105 
9798 6055 4949 4078 1987 1151 804 550 490 105 
9798 6055 4949 4078 1987 1151 804 550 490 105 
9798 6055 4949 4078 1987 1151 804 550 490 105 
9798 6055 4949 4078 1987 1151 804 550 490 105 
9798 6055 4949 4078 1987 1151 804 550 490 105 
9798 6055 4949 4078 1987 1151 804 550 490 105 
9798 6055 4949 4078 1987 1151 804 550 490 105 
9798 6055 4949 4078 1987 1151 804 550 490 105 
20938 2868 1635 1137 778 299 293 129 
20938 2868 1635 1137 778 299 293 129 
20938 2868 1635 1137 778 299 293 129 
20938 2868 1635 1137 778 299 293 129 
20938 2868 1635 1137 778 299 293 129 
20938 2868 1635 1137 778 299 293 129 
20938 2868 1635 1137 778 299 293 129 
20938 2868 1635 1137 778 299 293 129 
20938 2868 1635 1137 778 299 293 129 
20938 2868 1635 1137 778 299 293 129 
15062 4550 2551 1463 1289 485 268 197 
15062 4550 2551 1463 1289 485 268 197 
15062 4550 2551 1463 1289 485 268 197 
15062 4550 2551 1463 1289 485 268 197 
15062 4550 2551 1463 1289 485 268 197 
15062 4550 2551 1463 1289 485 268 197 
15062 4550 2551 1463 1289 485 268 197 
15062 4550 2551 1463 1289 485 268 197 
15062 4550 2551 1463 1289 485 268 197 
15062 4550 2551 1463 1289 485 268 197 
7835 6406 3044 2400 1628 1141 934 491 81 
7835 6406 3044 2400 1628 1141 934 491 81 
7835 6406 3044 2400 1628 1141 934 491 81 
7835 6406 3044 2400 1628 1141 934 491 81 
7835 6406 3044 2400 1628 1141 934 491 81 
7835 6406 3044 2400 1628 1141 934 491 81 
7835 6406 3044 2400 1628 1141 934 491 81 
7835 6406 3044 2400 1628 1141 934 491 81 
7835 6406 3044 2400 1628 1141 934 491 81 
7835 6406 3044 2400 1628 1141 934 491 81 
27520 699 
27520 699 
27520 699 
27520 699 
27520 699 
27520 699 
27520 699 
27520 699 
27520 699 
27520 699 
9567 4360 3507 1878 1202 953 526 401 234 
9567 4360 3507 1878 1202 953 526 401 234 
9567 4360 3507 1878 1202 953 526 401 234 
9567 4360 3507 1878 1202 953 526 401 234 
9567 4360 3507 1878 1202 953 526 401 234 
9567 4360 3507 1878 1202 953 526 401 234 
9567 4360 3507 1878 1202 953 526 401 234 
9567 4360 3507 1878 1202 953 526 401 234 
9567 4360 3507 1878 1202 953 526 401 234 
9567 4360 3507 1878 1202 953 526 401 234 
9901 6402 2717 2129 1476 865 342 217 
9901 6402 2717 2129 1476 865 342 217 
9901 6402 2717 2129 1476 865 342 217 
9901 6402 2717 2129 1476 865 342 217 
9901 6402 2717 2129 1476 865 342 217 
9901 6402 2717 2129 1476 865 342 217 
9901 6402 2717 2129 1476 865 342 217 
9901 6402 2717 2129 1476 865 342 217 
9901 6402 2717 2129 1476 865 342 217 
9901 6402 2717 2129 1476 865 342 217 
18341 3323 1888 1485 989 642 393 
18341 3323 1888 1485 989 642 393 
18341 3323 1888 1485 989 642 393 
18341 3323 1888 1485 989 642 393 
18341 3323 1888 1485 989 642 393 
18341 3323 1888 1485 989 642 393 
18341 3323 1888 1485 989 642 393 
18341 3323 1888 1485 989 642 393 
18341 3323 1888 1485 989 642 393 
18341 3323 1888 1485 989 642 393 
11362 4638 1627 1347 729 508 305 
11362 4638 1627 1347 729 508 305 
11362 4638 1627 1347 729 508 305 
11362 4638 1627 1347 729 508 305 
11362 4638 1627 1347 729 508 305 
11362 4638 1627 1347 729 508 305 
11362 4638 1627 1347 729 508 305 
11362 4638 1627 1347 729 508 305 
11362 4638 1627 1347 729 508 305 
11362 4638 1627 1347 729 508 305 
10733 3567 1318 235 175 
11749 2889 908 445 
10733 3567 1318 235 175 
11749 2889 908 445 
10733 3567 1318 235 175 
11749 2889 908 445 
10733 3567 1318 235 175 
11749 2889 908 445 
10733 3567 1318 235 175 
11749 2889 908 445 
10733 3567 1318 235 175 
11749 2889 908 445 
10733 3567 1318 235 175 
11749 2889 908 445 
10733 3567 1318 235 175 
11749 2889 908 445 
10733 3567 1318 235 175 
11749 2889 908 445 
10733 3567 1318 235 175 
11749 2889 908 445 
11129 5501 2505 1627 905 718 230 
11129 5501 2505 1627 905 718 230 
11129 5501 2505 1627 905 718 230 
11129 5501 2505 1627 905 718 230 
11129 5501 2505 1627 905 718 230 
11129 5501 2505 1627 905 718 230 
11129 5501 2505 1627 905 718 230 
11129 5501 2505 1627 905 718 230 
11129 5501 2505 1627 905 718 230 
11129 5501 2505 1627 905 718 230 
14623 5549 2853 1563 707 544 325 114 
14623 5549 2853 1563 707 544 325 114 
14623 5549 2853 1563 707 544 325 114 
14623 5549 2853 1563 707 544 325 114 
14623 5549 2853 1563 707 544 325 114 
14623 5549 2853 1563 707 544 325 114 
14623 5549 2853 1563 707 544 325 114 
14623 5549 2853 1563 707 544 325 114 
14623 5549 2853 1563 707 544 325 114 
14623 5549 2853 1563 707 544 325 114 
6949 4795 3624 2799 1769 716 624 211 129 
6949 4795 3624 2799 1769 716 624 211 129 
6949 4795 3624 2799 1769 716 624 211 129 
6949 4795 3624 2799 1769 716 624 211 129 
6949 4795 3624 2799 1769 716 624 211 129 
6949 4795 3624 2799 1769 716 624 211 129 
6949 4795 3624 2799 1769 716 624 211 129 
6949 4795 3624 2799 1769 716 624 211 129 
6949 4795 3624 2799 1769 716 624 211 129 
6949 4795 3624 2799 1769 716 624 211 129 
7476 5638 2665 2279 1353 1193 477 207 129 
7476 5638 2665 2279 1353 1193 477 207 129 
7476 5638 2665 2279 1353 1193 477 207 129 
7476 5638 2665 2279 1353 1193 477 207 129 
7476 5638 2665 2279 1353 1193 477 207 129 
7476 5638 2665 2279 1353 1193 477 207 129 
7476 5638 2665 2279 1353 1193 477 207 129 
7476 5638 2665 2279 1353 1193 477 207 129 
7476 5638 2665 2279 1353 1193 477 207 129 
7476 5638 2665 2279 1353 1193 477 207 129 
23199 443 
23199 443 
23199 443 
23199 443 
23199 443 
23199 443 
23199 443 
23199 443 
23199 443 
23199 443 
14112 4197 3255 2332 961 724 531 
14112 4197 3255 2332 961 724 531 
14112 4197 3255 2332 961 724 531 
14112 4197 3255 2332 961 724 531 
14112 4197 3255 2332 961 724 531 
14112 4197 3255 2332 961 724 531 
14112 4197 3255 2332 961 724 531 
14112 4197 3255 2332 961 724 531 
14112 4197 3255 2332 961 724 531 
14112 4197 3255 2332 961 724 531 
7202 5927 4415 1840 1823 1410 882 676 452 394 220 134 
7202 5927 4415 1840 1823 1410 882 676 452 394 220 134 
7202 5927 4415 1840 1823 1410 882 676 452 394 220 134 
7202 5927 4415 1840 1823 1410 882 676 452 394 220 134 
7202 5927 4415 1840 1823 1410 882 676 452 394 220 134 
7202 5927 4415 1840 1823 1410 882 676 452 394 220 134 
7202 5927 4415 1840 1823 1410 882 676 452 394 220 134 
7202 5927 4415 1840 1823 1410 882 676 452 394 220 134 
7202 5927 4415 1840 1823 1410 882 676 452 394 220 134 
7202 5927 4415 1840 1823 1410 882 676 452 394 220 134 
11968 6289 4495 1982 1521 962 858 625 369 166 
11968 6289 4495 1982 1521 962 858 625 369 166 
11968 6289 4495 1982 1521 962 858 625 369 166 
11968 6289 4495 1982 1521 962 858 625 369 166 
11968 6289 4495 1982 1521 962 858 625 369 166 
11968 6289 4495 1982 1521 962 858 625 369 166 
11968 6289 4495 1982 1521 962 858 625 369 166 
11968 6289 4495 1982 1521 962 858 625 369 166 
11968 6289 4495 1982 1521 962 858 625 369 166 
11968 6289 4495 1982 1521 962 858 625 369 166 
9203 2505 1993 1546 911 768 392 137 
9203 2505 1993 1546 911 768 392 137 
9203 2505 1993 1546 911 768 392 137 
9203 2505 1993 1546 911 768 392 137 
9203 2505 1993 1546 911 768 392 137 
9203 2505 1993 1546 911 768 392 137 
9203 2505 1993 1546 911 768 392 137 
9203 2505 1993 1546 911 768 392 137 
9203 2505 1993 1546 911 768 392 137 
9203 2505 1993 1546 911 768 392 137 
10600 3349 3000 2410 1741 1538 998 201 171 
10600 3349 3000 2410 1741 1538 998 201 171 
10600 3349 3000 2410 1741 1538 998 201 171 
10600 3349 3000 2410 1741 1538 998 201 171 
10600 3349 3000 2410 1741 1538 998 201 171 
10600 3349 3000 2410 1741 1538 998 201 171 
10600 3349 3000 2410 1741 1538 998 201 171 
10600 3349 3000 2410 1741 1538 998 201 171 
10600 3349 3000 2410 1741 1538 998 201 171 
10600 3349 3000 2410 1741 1538 998 201 171 
10657 4505 3700 2374 1636 1400 1097 765 281 233 
10657 4505 3700 2374 1636 1400 1097 765 281 233 
10657 4505 3700 2374 1636 1400 1097 765 281 233 
10657 4505 3700 2374 1636 1400 1097 765 281 233 
10657 4505 3700 2374 1636 1400 1097 765 281 233 
10657 4505 3700 2374 1636 1400 1097 765 281 233 
10657 4505 3700 2374 1636 1400 1097 765 281 233 
10657 4505 3700 2374 1636 1400 1097 765 281 233 
10657 4505 3700 2374 1636 1400 1097 765 281 233 
10657 4505 3700 2374 1636 1400 1097 765 281 233 
6088 3250 2863 1910 1153 953 581 388 
6088 3250 2863 1910 1153 953 581 388 
6088 3250 2863 1910 1153 953 581 388 
6088 3250 2863 1910 1153 953 581 388 
6088 3250 2863 1910 1153 953 581 388 
6088 3250 2863 1910 1153 953 581 388 
6088 3250 2863 1910 1153 953 581 388 
6088 3250 2863 1910 1153 953 581 388 
6088 3250 2863 1910 1153 953 581 388 
6088 3250 2863 1910 1153 953 581 388 
13347 1772 1094 742 332 238 115 
13347 1772 1094 742 332 238 115 
13347 1772 1094 742 332 238 115 
13347 1772 1094 742 332 238 115 
13347 1772 1094 742 332 238 115 
13347 1772 1094 742 332 238 115 
13347 1772 1094 742 332 238 115 
13347 1772 1094 742 332 238 115 
13347 1772 1094 742 332 238 115 
13347 1772 1094 742 332 238 115 
11120 6675 4664 2997 1924 1031 533 462 256 
11120 6675 4664 2997 1924 1031 533 462 256 
11120 6675 4664 2997 1924 1031 533 462 256 
11120 6675 4664 2997 1924 1031 533 462 256 
11120 6675 4664 2997 1924 1031 533 462 256 
11120 6675 4664 2997 1924 1031 533 462 256 
11120 6675 4664 2997 1924 1031 533 462 256 
11120 6675 4664 2997 1924 1031 533 462 256 
11120 6675 4664 2997 1924 1031 533 462 256 
11120 6675 4664 2997 1924 1031 533 462 256 
11098 8823 4445 3569 1407 979 733 87 
11098 8823 4445 3569 1407 979 733 87 
11098 8823 4445 3569 1407 979 733 87 
11098 8823 4445 3569 1407 979 733 87 
11098 8823 4445 3569 1407 979 733 87 
11098 8823 4445 3569 1407 979 733 87 
11098 8823 4445 3569 1407 979 733 87 
11098 8823 4445 3569 1407 979 733 87 
11098 8823 4445 3569 1407 979 733 87 
11098 8823 4445 3569 1407 979 733 87 
11438 5084 3113 1850 1093 948 384 361 
11438 5084 3113 1850 1093 948 384 361 
11438 5084 3113 1850 1093 948 384 361 
11438 5084 3113 1850 1093 948 384 361 
11438 5084 3113 1850 1093 948 384 361 
11438 5084 3113 1850 1093 948 384 361 
11438 5084 3113 1850 1093 948 384 361 
11438 5084 3113 1850 1093 948 384 361 
11438 5084 3113 1850 1093 948 384 361 
11438 5084 3113 1850 1093 948 384 361 
6878 2709 1662 1352 1182 739 357 331 84 
6878 2709 1662 1352 1182 739 357 331 84 
6878 2709 1662 1352 1182 739 357 331 84 
6878 2709 1662 1352 1182 739 357 331 84 
6878 2709 1662 1352 1182 739 357 331 84 
6878 2709 1662 1352 1182 739 357 331 84 
6878 2709 1662 1352 1182 739 357 331 84 
6878 2709 1662 1352 1182 739 357 331 84 
6878 2709 1662 1352 1182 739 357 331 84 
6878 2709 1662 1352 1182 739 357 331 84 
8412 6504 3922 1803 1744 964 785 471 235 
8412 6504 3922 1803 1744 964 785 471 235 
8412 6504 3922 1803 1744 964 785 471 235 
8412 6504 3922 1803 1744 964 785 471 235 
8412 6504 3922 1803 1744 964 785 471 235 
8412 6504 3922 1803 1744 964 785 471 235 
8412 6504 3922 1803 1744 964 785 471 235 
8412 6504 3922 1803 1744 964 785 471 235 
8412 6504 3922 1803 1744 964 785 471 235 
8412 6504 3922 1803 1744 964 785 471 235 
5620 5079 4231 3064 1912 682 545 489 284 
5620 5079 4231 3064 1912 682 545 489 284 
5620 5079 4231 3064 1912 682 545 489 284 
5620 5079 4231 3064 1912 682 545 489 284 
5620 5079 4231 3064 1912 682 545 489 284 
5620 5079 4231 3064 1912 682 545 489 284 
5620 5079 4231 3064 1912 682 545 489 284 
5620 5079 4231 3064 1912 682 545 489 284 
5620 5079 4231 3064 1912 682 545 489 284 
5620 5079 4231 3064 1912 682 545 489 284 
12333 5764 4165 2623 1466 944 671 399 380 
12333 5764 4165 2623 1466 944 671 399 380 
12333 5764 4165 2623 1466 944 671 399 380 
12333 5764 4165 2623 1466 944 671 399 380 
12333 5764 4165 2623 1466 944 671 399 380 
12333 5764 4165 2623 1466 944 671 399 380 
12333 5764 4165 2623 1466 944 671 399 380 
12333 5764 4165 2623 1466 944 671 399 380 
12333 5764 4165 2623 1466 944 671 399 380 
12333 5764 4165 2623 1466 944 671 399 380 
6958 3204 2761 2212 1945 1444 525 449 324 
6958 3204 2761 2212 1945 1444 525 449 324 
6958 3204 2761 2212 1945 1444 525 449 324 
6958 3204 2761 2212 1945 1444 525 449 324 
6958 3204 2761 2212 1945 1444 525 449 324 
6958 3204 2761 2212 1945 1444 525 449 324 
6958 3204 2761 2212 1945 1444 525 449 324 
6958 3204 2761 2212 1945 1444 525 449 324 
6958 3204 2761 2212 1945 1444 525 449 324 
6958 3204 2761 2212 1945 1444 525 449 324 
8298 4781 4431 2350 1585 912 667 588 197 179 
8298 4781 4431 2350 1585 912 667 588 197 179 
8298 4781 4431 2350 1585 912 667 588 197 179 
8298 4781 4431 2350 1585 912 667 588 197 179 
8298 4781 4431 2350 1585 912 667 588 197 179 
8298 4781 4431 2350 1585 912 667 588 197 179 
8298 4781 4431 2350 1585 912 667 588 197 179 
8298 4781 4431 2350 1585 912 667 588 197 179 
8298 4781 4431 2350 1585 912 667 588 197 179 
8298 4781 4431 2350 1585 912 667 588 197 179 
10921 7334 4240 2085 1047 939 383 317 
10921 7334 4240 2085 1047 939 383 317 
10921 7334 4240 2085 1047 939 383 317 
10921 7334 4240 2085 1047 939 383 317 
10921 7334 4240 2085 1047 939 383 317 
10921 7334 4240 2085 1047 939 383 317 
10921 7334 4240 2085 1047 939 383 317 
10921 7334 4240 2085 1047 939 383 317 
10921 7334 4240 2085 1047 939 383 317 
10921 7334 4240 2085 1047 939 383 317 
17742 6115 3007 1665 1633 421 151 139 
17742 6115 3007 1665 1633 421 151 139 
17742 6115 3007 1665 1633 421 151 139 
17742 6115 3007 1665 1633 421 151 139 
17742 6115 3007 1665 1633 421 151 139 
17742 6115 3007 1665 1633 421 151 139 
17742 6115 3007 1665 1633 421 151 139 
17742 6115 3007 1665 1633 421 151 139 
17742 6115 3007 1665 1633 421 151 139 
17742 6115 3007 1665 1633 421 151 139 
17974 3107 2663 1432 1048 407 266 205 
17974 3107 2663 1432 1048 407 266 205 
17974 3107 2663 1432 1048 407 266 205 
17974 3107 2663 1432 1048 407 266 205 
17974 3107 2663 1432 1048 407 266 205 
17974 3107 2663 1432 1048 407 266 205 
17974 3107 2663 1432 1048 407 266 205 
17974 3107 2663 1432 1048 407 266 205 
17974 3107 2663 1432 1048 407 266 205 
17974 3107 2663 1432 1048 407 266 205 
9759 9265 4940 3079 2361 1391 635 522 171 
9759 9265 4940 3079 2361 1391 635 522 171 
9759 9265 4940 3079 2361 1391 635 522 171 
9759 9265 4940 3079 2361 1391 635 522 171 
9759 9265 4940 3079 2361 1391 635 522 171 
9759 9265 4940 3079 2361 1391 635 522 171 
9759 9265 4940 3079 2361 1391 635 522 171 
9759 9265 4940 3079 2361 1391 635 522 171 
9759 9265 4940 3079 2361 1391 635 522 171 
9759 9265 4940 3079 2361 1391 635 522 171 
13331 4455 3007 1641 1288 947 580 305 134 
13331 4455 3007 1641 1288 947 580 305 134 
13331 4455 3007 1641 1288 947 580 305 134 
13331 4455 3007 1641 1288 947 580 305 134 
13331 4455 3007 1641 1288 947 580 305 134 
13331 4455 3007 1641 1288 947 580 305 134 
13331 4455 3007 1641 1288 947 580 305 134 
13331 4455 3007 1641 1288 947 580 305 134 
13331 4455 3007 1641 1288 947 580 305 134 
13331 4455 3007 1641 1288 947 580 305 134 
12872 3607 2784 1881 1758 979 791 508 174 131 
12872 3607 2784 1881 1758 979 791 508 174 131 
12872 3607 2784 1881 1758 979 791 508 174 131 
12872 3607 2784 1881 1758 979 791 508 174 131 
12872 3607 2784 1881 1758 979 791 508 174 131 
12872 3607 2784 1881 1758 979 791 508 174 131 
12872 3607 2784 1881 1758 979 791 508 174 131 
12872 3607 2784 1881 1758 979 791 508 174 131 
12872 3607 2784 1881 1758 979 791 508 174 131 
12872 3607 2784 1881 1758 979 791 508 174 131 
8977 7081 5087 2375 1789 1378 774 472 349 
8977 7081 5087 2375 1789 1378 774 472 349 
8977 7081 5087 2375 1789 1378 774 472 349 
8977 7081 5087 2375 1789 1378 774 472 349 
8977 7081 5087 2375 1789 1378 774 472 349 
8977 7081 5087 2375 1789 1378 774 472 349 
8977 7081 5087 2375 1789 1378 774 472 349 
8977 7081 5087 2375 1789 1378 774 472 349 
8977 7081 5087 2375 1789 1378 774 472 349 
8977 7081 5087 2375 1789 1378 774 472 349 
6702 3096 2000 1537 967 535 296 243 
6702 3096 2000 1537 967 535 296 243 
6702 3096 2000 1537 967 535 296 243 
6702 3096 2000 1537 967 535 296 243 
6702 3096 2000 1537 967 535 296 243 
6702 3096 2000 1537 967 535 296 243 
6702 3096 2000 1537 967 535 296 243 
6702 3096 2000 1537 967 535 296 243 
6702 3096 2000 1537 967 535 296 243 
6702 3096 2000 1537 967 535 296 243 
12762 7973 4484 2475 1583 1051 424 380 
12762 7973 4484 2475 1583 1051 424 380 
12762 7973 4484 2475 1583 1051 424 380 
12762 7973 4484 2475 1583 1051 424 380 
12762 7973 4484 2475 1583 1051 424 380 
12762 7973 4484 2475 1583 1051 424 380 
12762 7973 4484 2475 1583 1051 424 380 
12762 7973 4484 2475 1583 1051 424 380 
12762 7973 4484 2475 1583 1051 424 380 
12762 7973 4484 2475 1583 1051 424 380 
6688 4286 1974 1356 426 292 
5758 4823 2382 1272 489 312 
6688 4286 1974 1356 426 292 
5758 4823 2382 1272 489 312 
6688 4286 1974 1356 426 292 
5758 4823 2382 1272 489 312 
6688 4286 1974 1356 426 292 
5758 4823 2382 1272 489 312 
6688 4286 1974 1356 426 292 
5758 4823 2382 1272 489 312 
6688 4286 1974 1356 426 292 
5758 4823 2382 1272 489 312 
6688 4286 1974 1356 426 292 
5758 4823 2382 1272 489 312 
6688 4286 1974 1356 426 292 
5758 4823 2382 1272 489 312 
6688 4286 1974 1356 426 292 
5758 4823 2382 1272 489 312 
6688 4286 1974 1356 426 292 
5758 4823 2382 1272 489 312 
24041 2163 1391 962 311 281 114 
24041 2163 1391 962 311 281 114 
24041 2163 1391 962 311 281 114 
24041 2163 1391 962 311 281 114 
24041 2163 1391 962 311 281 114 
24041 2163 1391 962 311 281 114 
24041 2163 1391 962 311 281 114 
24041 2163 1391 962 311 281 114 
24041 2163 1391 962 311 281 114 
24041 2163 1391 962 311 281 114 
6886 6273 2469 2212 1136 1030 219 142 
6886 6273 2469 2212 1136 1030 219 142 
6886 6273 2469 2212 1136 1030 219 142 
6886 6273 2469 2212 1136 1030 219 142 
6886 6273 2469 2212 1136 1030 219 142 
6886 6273 2469 2212 1136 1030 219 142 
6886 6273 2469 2212 1136 1030 219 142 
6886 6273 2469 2212 1136 1030 219 142 
6886 6273 2469 2212 1136 1030 219 142 
6886 6273 2469 2212 1136 1030 219 142 
11766 5607 3450 1690 1375 1032 758 133 119 
11766 5607 3450 1690 1375 1032 758 133 119 
11766 5607 3450 1690 1375 1032 758 133 119 
11766 5607 3450 1690 1375 1032 758 133 119 
11766 5607 3450 1690 1375 1032 758 133 119 
11766 5607 3450 1690 1375 1032 758 133 119 
11766 5607 3450 1690 1375 1032 758 133 119 
11766 5607 3450 1690 1375 1032 758 133 119 
11766 5607 3450 1690 1375 1032 758 133 119 
11766 5607 3450 1690 1375 1032 758 133 119 
18415 1223 997 749 484 381 241 101 
18415 1223 997 749 484 381 241 101 
18415 1223 997 749 484 381 241 101 
18415 1223 997 749 484 381 241 101 
18415 1223 997 749 484 381 241 101 
18415 1223 997 749 484 381 241 101 
18415 1223 997 749 484 381 241 101 
18415 1223 997 749 484 381 241 101 
18415 1223 997 749 484 381 241 101 
18415 1223 997 749 484 381 241 101 
5766 5602 2170 1933 1202 840 507 455 155 
5766 5602 2170 1933 1202 840 507 455 155 
5766 5602 2170 1933 1202 840 507 455 155 
5766 5602 2170 1933 1202 840 507 455 155 
5766 5602 2170 1933 1202 840 507 455 155 
5766 5602 2170 1933 1202 840 507 455 155 
5766 5602 2170 1933 1202 840 507 455 155 
5766 5602 2170 1933 1202 840 507 455 155 
5766 5602 2170 1933 1202 840 507 455 155 
5766 5602 2170 1933 1202 840 507 455 155 
13838 6568 4072 2427 1273 953 604 373 328 
13838 6568 4072 2427 1273 953 604 373 328 
13838 6568 4072 2427 1273 953 604 373 328 
13838 6568 4072 2427 1273 953 604 373 328 
13838 6568 4072 2427 1273 953 604 373 328 
13838 6568 4072 2427 1273 953 604 373 328 
13838 6568 4072 2427 1273 953 604 373 328 
13838 6568 4072 2427 1273 953 604 373 328 
13838 6568 4072 2427 1273 953 604 373 328 
13838 6568 4072 2427 1273 953 604 373 328 
10957 4109 3202 2189 1656 1225 717 347 286 
10957 4109 3202 2189 1656 1225 717 347 286 
10957 4109 3202 2189 1656 1225 717 347 286 
10957 4109 3202 2189 1656 1225 717 347 286 
10957 4109 3202 2189 1656 1225 717 347 286 
10957 4109 3202 2189 1656 1225 717 347 286 
10957 4109 3202 2189 1656 1225 717 347 286 
10957 4109 3202 2189 1656 1225 717 347 286 
10957 4109 3202 2189 1656 1225 717 347 286 
10957 4109 3202 2189 1656 1225 717 347 286 
14850 3731 1930 1221 875 505 242 
14850 3731 1930 1221 875 505 242 
14850 3731 1930 1221 875 505 242 
14850 3731 1930 1221 875 505 242 
14850 3731 1930 1221 875 505 242 
14850 3731 1930 1221 875 505 242 
14850 3731 1930 1221 875 505 242 
14850 3731 1930 1221 875 505 242 
14850 3731 1930 1221 875 505 242 
14850 3731 1930 1221 875 505 242 
8200 6313 4815 2450 1524 673 408 279 256 
8200 6313 4815 2450 1524 673 408 279 256 
8200 6313 4815 2450 1524 673 408 279 256 
8200 6313 4815 2450 1524 673 408 279 256 
8200 6313 4815 2450 1524 673 408 279 256 
8200 6313 4815 2450 1524 673 408 279 256 
8200 6313 4815 2450 1524 673 408 279 256 
8200 6313 4815 2450 1524 673 408 279 256 
8200 6313 4815 2450 1524 673 408 279 256 
8200 6313 4815 2450 1524 673 408 279 256 
6591 4351 2671 1622 561 463 
7601 4081 2211 1118 1039 
6591 4351 2671 1622 561 463 
7601 4081 2211 1118 1039 
6591 4351 2671 1622 561 463 
7601 4081 2211 1118 1039 
6591 4351 2671 1622 561 463 
7601 4081 2211 1118 1039 
6591 4351 2671 1622 561 463 
7601 4081 2211 1118 1039 
6591 4351 2671 1622 561 463 
7601 4081 2211 1118 1039 
6591 4351 2671 1622 561 463 
7601 4081 2211 1118 1039 
6591 4351 2671 1622 561 463 
7601 4081 2211 1118 1039 
6591 4351 2671 1622 561 463 
7601 4081 2211 1118 1039 
6591 4351 2671 1622 561 463 
7601 4081 2211 1118 1039 
7194 5069 2758 2559 1869 978 472 419 129 82 
7194 5069 2758 2559 1869 978 472 419 129 82 
7194 5069 2758 2559 1869 978 472 419 129 82 
7194 5069 2758 2559 1869 978 472 419 129 82 
7194 5069 2758 2559 1869 978 472 419 129 82 
7194 5069 2758 2559 1869 978 472 419 129 82 
7194 5069 2758 2559 1869 978 472 419 129 82 
7194 5069 2758 2559 1869 978 472 419 129 82 
7194 5069 2758 2559 1869 978 472 419 129 82 
7194 5069 2758 2559 1869 978 472 419 129 82 
5641 4090 2998 1396 608 349 
10691 1974 1486 599 291 
5641 4090 2998 1396 608 349 
10691 1974 1486 599 291 
5641 4090 2998 1396 608 349 
10691 1974 1486 599 291 
5641 4090 2998 1396 608 349 
10691 1974 1486 599 291 
5641 4090 2998 1396 608 349 
10691 1974 1486 599 291 
5641 4090 2998 1396 608 349 
10691 1974 1486 599 291 
5641 4090 2998 1396 608 349 
10691 1974 1486 599 291 
5641 4090 2998 1396 608 349 
10691 1974 1486 599 291 
5641 4090 2998 1396 608 349 
10691 1974 1486 599 291 
5641 4090 2998 1396 608 349 
10691 1974 1486 599 291 
23622 3024 2444 1039 728 249 212 
23622 3024 2444 1039 728 249 212 
23622 3024 2444 1039 728 249 212 
23622 3024 2444 1039 728 249 212 
23622 3024 2444 1039 728 249 212 
23622 3024 2444 1039 728 249 212 
23622 3024 2444 1039 728 249 212 
23622 3024 2444 1039 728 249 212 
23622 3024 2444 1039 728 249 212 
23622 3024 2444 1039 728 249 212 
7210 6235 1724 978 446 241 
13166 2027 886 550 216 
7210 6235 1724 978 446 241 
13166 2027 886 550 216 
7210 6235 1724 978 446 241 
13166 2027 886 550 216 
7210 6235 1724 978 446 241 
13166 2027 886 550 216 
7210 6235 1724 978 446 241 
13166 2027 886 550 216 
7210 6235 1724 978 446 241 
13166 2027 886 550 216 
7210 6235 1724 978 446 241 
13166 2027 886 550 216 
7210 6235 1724 978 446 241 
13166 2027 886 550 216 
7210 6235 1724 978 446 241 
13166 2027 886 550 216 
7210 6235 1724 978 446 241 
13166 2027 886 550 216 
6962 3442 2808 2021 1052 995 532 491 
6962 3442 2808 2021 1052 995 532 491 
6962 3442 2808 2021 1052 995 532 491 
6962 3442 2808 2021 1052 995 532 491 
6962 3442 2808 2021 1052 995 532 491 
6962 3442 2808 2021 1052 995 532 491 
6962 3442 2808 2021 1052 995 532 491 
6962 3442 2808 2021 1052 995 532 491 
6962 3442 2808 2021 1052 995 532 491 
6962 3442 2808 2021 1052 995 532 491 
24727 3133 1435 1006 446 355 
24727 3133 1435 1006 446 355 
24727 3133 1435 1006 446 355 
24727 3133 1435 1006 446 355 
24727 3133 1435 1006 446 355 
24727 3133 1435 1006 446 355 
24727 3133 1435 1006 446 355 
24727 3133 1435 1006 446 355 
24727 3133 1435 1006 446 355 
24727 3133 1435 1006 446 355 
7815 4141 2598 1555 1248 911 495 372 232 
7815 4141 2598 1555 1248 911 495 372 232 
7815 4141 2598 1555 1248 911 495 372 232 
7815 4141 2598 1555 1248 911 495 372 232 
7815 4141 2598 1555 1248 911 495 372 232 
7815 4141 2598 1555 1248 911 495 372 232 
7815 4141 2598 1555 1248 911 495 372 232 
7815 4141 2598 1555 1248 911 495 372 232 
7815 4141 2598 1555 1248 911 495 372 232 
7815 4141 2598 1555 1248 911 495 372 232 
6949 6818 4496 556 
15666 1595 1244 366 
6949 6818 4496 556 
15666 1595 1244 366 
6949 6818 4496 556 
15666 1595 1244 366 
6949 6818 4496 556 
15666 1595 1244 366 
6949 6818 4496 556 
15666 1595 1244 366 
6949 6818 4496 556 
15666 1595 1244 366 
6949 6818 4496 556 
15666 1595 1244 366 
6949 6818 4496 556 
15666 1595 1244 366 
6949 6818 4496 556 
15666 1595 1244 366 
6949 6818 4496 556 
15666 1595 1244 366 
12195 4209 675 416 
7183 7140 3545 
12195 4209 675 416 
7183 7140 3545 
12195 4209 675 416 
7183 7140 3545 
12195 4209 675 416 
7183 7140 3545 
12195 4209 675 416 
7183 7140 3545 
12195 4209 675 416 
7183 7140 3545 
12195 4209 675 416 
7183 7140 3545 
12195 4209 675 416 
7183 7140 3545 
12195 4209 675 416 
7183 7140 3545 
12195 4209 675 416 
7183 7140 3545 
15603 1670 940 
7908 4268 3510 1640 545 
15603 1670 940 
7908 4268 3510 1640 545 
15603 1670 940 
7908 4268 3510 1640 545 
15603 1670 940 
7908 4268 3510 1640 545 
15603 1670 940 
7908 4268 3510 1640 545 
15603 1670 940 
7908 4268 3510 1640 545 
15603 1670 940 
7908 4268 3510 1640 545 
15603 1670 940 
7908 4268 3510 1640 545 
15603 1670 940 
7908 4268 3510 1640 545 
15603 1670 940 
7908 4268 3510 1640 545 
13988 7100 4965 2626 2132 796 737 153 
13988 7100 4965 2626 2132 796 737 153 
13988 7100 4965 2626 2132 796 737 153 
13988 7100 4965 2626 2132 796 737 153 
13988 7100 4965 2626 2132 796 737 153 
13988 7100 4965 2626 2132 796 737 153 
13988 7100 4965 2626 2132 796 737 153 
13988 7100 4965 2626 2132 796 737 153 
13988 7100 4965 2626 2132 796 737 153 
13988 7100 4965 2626 2132 796 737 153 
9312 4531 4070 1986 1476 1180 285 133 
9312 4531 4070 1986 1476 1180 285 133 
9312 4531 4070 1986 1476 1180 285 133 
9312 4531 4070 1986 1476 1180 285 133 
9312 4531 4070 1986 1476 1180 285 133 
9312 4531 4070 1986 1476 1180 285 133 
9312 4531 4070 1986 1476 1180 285 133 
9312 4531 4070 1986 1476 1180 285 133 
9312 4531 4070 1986 1476 1180 285 133 
9312 4531 4070 1986 1476 1180 285 133 
8295 6951 6049 4220 2859 2544 997 803 290 230 
8295 6951 6049 4220 2859 2544 997 803 290 230 
8295 6951 6049 4220 2859 2544 997 803 290 230 
8295 6951 6049 4220 2859 2544 997 803 290 230 
8295 6951 6049 4220 2859 2544 997 803 290 230 
8295 6951 6049 4220 2859 2544 997 803 290 230 
8295 6951 6049 4220 2859 2544 997 803 290 230 
8295 6951 6049 4220 2859 2544 997 803 290 230 
8295 6951 6049 4220 2859 2544 997 803 290 230 
8295 6951 6049 4220 2859 2544 997 803 290 230 
19919 840 536 417 332 
19919 840 536 417 332 
19919 840 536 417 332 
19919 840 536 417 332 
19919 840 536 417 332 
19919 840 536 417 332 
19919 840 536 417 332 
19919 840 536 417 332 
19919 840 536 417 332 
19919 840 536 417 332 
11627 5051 3102 2286 776 550 218 184 
11627 5051 3102 2286 776 550 218 184 
11627 5051 3102 2286 776 550 218 184 
11627 5051 3102 2286 776 550 218 184 
11627 5051 3102 2286 776 550 218 184 
11627 5051 3102 2286 776 550 218 184 
11627 5051 3102 2286 776 550 218 184 
11627 5051 3102 2286 776 550 218 184 
11627 5051 3102 2286 776 550 218 184 
11627 5051 3102 2286 776 550 218 184 
8581 7403 3155 2759 1730 907 868 634 349 179 
8581 7403 3155 2759 1730 907 868 634 349 179 
8581 7403 3155 2759 1730 907 868 634 349 179 
8581 7403 3155 2759 1730 907 868 634 349 179 
8581 7403 3155 2759 1730 907 868 634 349 179 
8581 7403 3155 2759 1730 907 868 634 349 179 
8581 7403 3155 2759 1730 907 868 634 349 179 
8581 7403 3155 2759 1730 907 868 634 349 179 
8581 7403 3155 2759 1730 907 868 634 349 179 
8581 7403 3155 2759 1730 907 868 634 349 179 
5577 5129 4492 3503 2612 1833 1402 752 507 349 224 
5577 5129 4492 3503 2612 1833 1402 752 507 349 224 
5577 5129 4492 3503 2612 1833 1402 752 507 349 224 
5577 5129 4492 3503 2612 1833 1402 752 507 349 224 
5577 5129 4492 3503 2612 1833 1402 752 507 349 224 
5577 5129 4492 3503 2612 1833 1402 752 507 349 224 
5577 5129 4492 3503 2612 1833 1402 752 507 349 224 
5577 5129 4492 3503 2612 1833 1402 752 507 349 224 
5577 5129 4492 3503 2612 1833 1402 752 507 349 224 
5577 5129 4492 3503 2612 1833 1402 752 507 349 224 
8791 3185 2457 1274 638 287 
8267 3890 2252 1290 657 230 
8791 3185 2457 1274 638 287 
8267 3890 2252 1290 657 230 
8791 3185 2457 1274 638 287 
8267 3890 2252 1290 657 230 
8791 3185 2457 1274 638 287 
8267 3890 2252 1290 657 230 
8791 3185 2457 1274 638 287 
8267 3890 2252 1290 657 230 
8791 3185 2457 1274 638 287 
8267 3890 2252 1290 657 230 
8791 3185 2457 1274 638 287 
8267 3890 2252 1290 657 230 
8791 3185 2457 1274 638 287 
8267 3890 2252 1290 657 230 
8791 3185 2457 1274 638 287 
8267 3890 2252 1290 657 230 
8791 3185 2457 1274 638 287 
8267 3890 2252 1290 657 230 
11478 4228 2316 1529 535 321 169 160 153 148 118 
11478 4228 2316 1529 535 321 169 160 153 148 118 
11478 4228 2316 1529 535 321 169 160 153 148 118 
11478 4228 2316 1529 535 321 169 160 153 148 118 
11478 4228 2316 1529 535 321 169 160 153 148 118 
11478 4228 2316 1529 535 321 169 160 153 148 118 
11478 4228 2316 1529 535 321 169 160 153 148 118 
11478 4228 2316 1529 535 321 169 160 153 148 118 
11478 4228 2316 1529 535 321 169 160 153 148 118 
11478 4228 2316 1529 535 321 169 160 153 148 118 
3871 244 177 168 160 157 150 146 143 140 127 
3871 244 177 168 160 157 150 146 143 140 127 
3871 244 177 168 160 157 150 146 143 140 127 
3871 244 177 168 160 157 150 146 143 140 127 
3871 244 177 168 160 157 150 146 143 140 127 
3871 244 177 168 160 157 150 146 143 140 127 
3871 244 177 168 160 157 150 146 143 140 127 
3871 244 177 168 160 157 150 146 143 140 127 
3871 244 177 168 160 157 150 146 143 140 127 
3871 244 177 168 160 157 150 146 143 140 127 
6937 147 144 141 137 131 
6937 147 144 141 137 131 
6937 147 144 141 137 131 
6937 147 144 141 137 131 
6937 147 144 141 137 131 
6937 147 144 141 137 131 
6937 147 144 141 137 131 
6937 147 144 141 137 131 
6937 147 144 141 137 131 
6937 147 144 141 137 131 
11050 3356 2539 874 351 173 155 148 142 
11050 3356 2539 874 351 173 155 148 142 
11050 3356 2539 874 351 173 155 148 142 
11050 3356 2539 874 351 173 155 148 142 
11050 3356 2539 874 351 173 155 148 142 
11050 3356 2539 874 351 173 155 148 142 
11050 3356 2539 874 351 173 155 148 142 
11050 3356 2539 874 351 173 155 148 142 
11050 3356 2539 874 351 173 155 148 142 
11050 3356 2539 874 351 173 155 148 142 
8997 7193 4916 3236 725 
11911 5601 4320 1752 817 675 
8997 7193 4916 3236 725 
11911 5601 4320 1752 817 675 
8997 7193 4916 3236 725 
11911 5601 4320 1752 817 675 
8997 7193 4916 3236 725 
11911 5601 4320 1752 817 675 
8997 7193 4916 3236 725 
11911 5601 4320 1752 817 675 
8997 7193 4916 3236 725 
11911 5601 4320 1752 817 675 
8997 7193 4916 3236 725 
11911 5601 4320 1752 817 675 
8997 7193 4916 3236 725 
11911 5601 4320 1752 817 675 
8997 7193 4916 3236 725 
11911 5601 4320 1752 817 675 
8997 7193 4916 3236 725 
11911 5601 4320 1752 817 675 
18771 4467 2800 955 
9577 8357 4792 3277 1034 
18771 4467 2800 955 
9577 8357 4792 3277 1034 
18771 4467 2800 955 
9577 8357 4792 3277 1034 
18771 4467 2800 955 
9577 8357 4792 3277 1034 
18771 4467 2800 955 
9577 8357 4792 3277 1034 
18771 4467 2800 955 
9577 8357 4792 3277 1034 
18771 4467 2800 955 
9577 8357 4792 3277 1034 
18771 4467 2800 955 
9577 8357 4792 3277 1034 
18771 4467 2800 955 
9577 8357 4792 3277 1034 
18771 4467 2800 955 
9577 8357 4792 3277 1034 
6758 3644 2486 1392 845 210 169 
6435 4150 2312 1369 882 206 145 
6758 3644 2486 1392 845 210 169 
6435 4150 2312 1369 882 206 145 
6758 3644 2486 1392 845 210 169 
6435 4150 2312 1369 882 206 145 
6758 3644 2486 1392 845 210 169 
6435 4150 2312 1369 882 206 145 
6758 3644 2486 1392 845 210 169 
6435 4150 2312 1369 882 206 145 
6758 3644 2486 1392 845 210 169 
6435 4150 2312 1369 882 206 145 
6758 3644 2486 1392 845 210 169 
6435 4150 2312 1369 882 206 145 
6758 3644 2486 1392 845 210 169 
6435 4150 2312 1369 882 206 145 
6758 3644 2486 1392 845 210 169 
6435 4150 2312 1369 882 206 145 
6758 3644 2486 1392 845 210 169 
6435 4150 2312 1369 882 206 145 
19685 4749 2898 2193 1420 904 472 263 
19685 4749 2898 2193 1420 904 472 263 
19685 4749 2898 2193 1420 904 472 263 
19685 4749 2898 2193 1420 904 472 263 
19685 4749 2898 2193 1420 904 472 263 
19685 4749 2898 2193 1420 904 472 263 
19685 4749 2898 2193 1420 904 472 263 
19685 4749 2898 2193 1420 904 472 263 
19685 4749 2898 2193 1420 904 472 263 
19685 4749 2898 2193 1420 904 472 263 
7636 6634 3603 2347 939 
7922 6424 3197 2559 1022 
7636 6634 3603 2347 939 
7922 6424 3197 2559 1022 
7636 6634 3603 2347 939 
7922 6424 3197 2559 1022 
7636 6634 3603 2347 939 
7922 6424 3197 2559 1022 
7636 6634 3603 2347 939 
7922 6424 3197 2559 1022 
7636 6634 3603 2347 939 
7922 6424 3197 2559 1022 
7636 6634 3603 2347 939 
7922 6424 3197 2559 1022 
7636 6634 3603 2347 939 
7922 6424 3197 2559 1022 
7636 6634 3603 2347 939 
7922 6424 3197 2559 1022 
7636 6634 3603 2347 939 
7922 6424 3197 2559 1022 
8079 6761 3545 2513 1008 
16300 2822 2004 857 
8079 6761 3545 2513 1008 
16300 2822 2004 857 
8079 6761 3545 2513 1008 
16300 2822 2004 857 
8079 6761 3545 2513 1008 
16300 2822 2004 857 
8079 6761 3545 2513 1008 
16300 2822 2004 857 
8079 6761 3545 2513 1008 
16300 2822 2004 857 
8079 6761 3545 2513 1008 
16300 2822 2004 857 
8079 6761 3545 2513 1008 
16300 2822 2004 857 
8079 6761 3545 2513 1008 
16300 2822 2004 857 
8079 6761 3545 2513 1008 
16300 2822 2004 857 
8879 4261 3772 1606 944 98 
15302 2553 1133 682 
8879 4261 3772 1606 944 98 
15302 2553 1133 682 
8879 4261 3772 1606 944 98 
15302 2553 1133 682 
8879 4261 3772 1606 944 98 
15302 2553 1133 682 
8879 4261 3772 1606 944 98 
15302 2553 1133 682 
8879 4261 3772 1606 944 98 
15302 2553 1133 682 
8879 4261 3772 1606 944 98 
15302 2553 1133 682 
8879 4261 3772 1606 944 98 
15302 2553 1133 682 
8879 4261 3772 1606 944 98 
15302 2553 1133 682 
8879 4261 3772 1606 944 98 
15302 2553 1133 682 
15614 3163 1701 865 
6346 6056 5306 1996 1147 573 
15614 3163 1701 865 
6346 6056 5306 1996 1147 573 
15614 3163 1701 865 
6346 6056 5306 1996 1147 573 
15614 3163 1701 865 
6346 6056 5306 1996 1147 573 
15614 3163 1701 865 
6346 6056 5306 1996 1147 573 
15614 3163 1701 865 
6346 6056 5306 1996 1147 573 
15614 3163 1701 865 
6346 6056 5306 1996 1147 573 
15614 3163 1701 865 
6346 6056 5306 1996 1147 573 
15614 3163 1701 865 
6346 6056 5306 1996 1147 573 
15614 3163 1701 865 
6346 6056 5306 1996 1147 573 
7098 4538 3347 1312 949 422 
9641 4111 2699 789 423 
7098 4538 3347 1312 949 422 
9641 4111 2699 789 423 
7098 4538 3347 1312 949 422 
9641 4111 2699 789 423 
7098 4538 3347 1312 949 422 
9641 4111 2699 789 423 
7098 4538 3347 1312 949 422 
9641 4111 2699 789 423 
7098 4538 3347 1312 949 422 
9641 4111 2699 789 423 
7098 4538 3347 1312 949 422 
9641 4111 2699 789 423 
7098 4538 3347 1312 949 422 
9641 4111 2699 789 423 
7098 4538 3347 1312 949 422 
9641 4111 2699 789 423 
7098 4538 3347 1312 949 422 
9641 4111 2699 789 423 
11545 3964 2122 1061 386 
11905 3813 2082 1007 364 
11545 3964 2122 1061 386 
11905 3813 2082 1007 364 
11545 3964 2122 1061 386 
11905 3813 2082 1007 364 
11545 3964 2122 1061 386 
11905 3813 2082 1007 364 
11545 3964 2122 1061 386 
11905 3813 2082 1007 364 
11545 3964 2122 1061 386 
11905 3813 2082 1007 364 
11545 3964 2122 1061 386 
11905 3813 2082 1007 364 
11545 3964 2122 1061 386 
11905 3813 2082 1007 364 
11545 3964 2122 1061 386 
11905 3813 2082 1007 364 
11545 3964 2122 1061 386 
11905 3813 2082 1007 364 
14351 7029 3028 2119 891 
20553 3235 2139 920 472 
14351 7029 3028 2119 891 
20553 3235 2139 920 472 
14351 7029 3028 2119 891 
20553 3235 2139 920 472 
14351 7029 3028 2119 891 
20553 3235 2139 920 472 
14351 7029 3028 2119 891 
20553 3235 2139 920 472 
14351 7029 3028 2119 891 
20553 3235 2139 920 472 
14351 7029 3028 2119 891 
20553 3235 2139 920 472 
14351 7029 3028 2119 891 
20553 3235 2139 920 472 
14351 7029 3028 2119 891 
20553 3235 2139 920 472 
14351 7029 3028 2119 891 
20553 3235 2139 920 472 
14324 2288 620 314 
9976 4219 2375 994 
14324 2288 620 314 
9976 4219 2375 994 
14324 2288 620 314 
9976 4219 2375 994 
14324 2288 620 314 
9976 4219 2375 994 
14324 2288 620 314 
9976 4219 2375 994 
14324 2288 620 314 
9976 4219 2375 994 
14324 2288 620 314 
9976 4219 2375 994 
14324 2288 620 314 
9976 4219 2375 994 
14324 2288 620 314 
9976 4219 2375 994 
14324 2288 620 314 
9976 4219 2375 994 
16185 3460 739 564 198 
9719 6088 3499 1462 325 
16185 3460 739 564 198 
9719 6088 3499 1462 325 
16185 3460 739 564 198 
9719 6088 3499 1462 325 
16185 3460 739 564 198 
9719 6088 3499 1462 325 
16185 3460 739 564 198 
9719 6088 3499 1462 325 
16185 3460 739 564 198 
9719 6088 3499 1462 325 
16185 3460 739 564 198 
9719 6088 3499 1462 325 
16185 3460 739 564 198 
9719 6088 3499 1462 325 
16185 3460 739 564 198 
9719 6088 3499 1462 325 
16185 3460 739 564 198 
9719 6088 3499 1462 325 
10218 8278 4106 3365 2377 1989 941 568 275 
10218 8278 4106 3365 2377 1989 941 568 275 
10218 8278 4106 3365 2377 1989 941 568 275 
10218 8278 4106 3365 2377 1989 941 568 275 
10218 8278 4106 3365 2377 1989 941 568 275 
10218 8278 4106 3365 2377 1989 941 568 275 
10218 8278 4106 3365 2377 1989 941 568 275 
10218 8278 4106 3365 2377 1989 941 568 275 
10218 8278 4106 3365 2377 1989 941 568 275 
10218 8278 4106 3365 2377 1989 941 568 275 
9567 3279 2487 1129 409 
11067 2819 1537 678 654 
9567 3279 2487 1129 409 
11067 2819 1537 678 654 
9567 3279 2487 1129 409 
11067 2819 1537 678 654 
9567 3279 2487 1129 409 
11067 2819 1537 678 654 
9567 3279 2487 1129 409 
11067 2819 1537 678 654 
9567 3279 2487 1129 409 
11067 2819 1537 678 654 
9567 3279 2487 1129 409 
11067 2819 1537 678 654 
9567 3279 2487 1129 409 
11067 2819 1537 678 654 
9567 3279 2487 1129 409 
11067 2819 1537 678 654 
9567 3279 2487 1129 409 
11067 2819 1537 678 654 
15632 2927 1362 
12460 4003 2733 585 
15632 2927 1362 
12460 4003 2733 585 
15632 2927 1362 
12460 4003 2733 585 
15632 2927 1362 
12460 4003 2733 585 
15632 2927 1362 
12460 4003 2733 585 
15632 2927 1362 
12460 4003 2733 585 
15632 2927 1362 
12460 4003 2733 585 
15632 2927 1362 
12460 4003 2733 585 
15632 2927 1362 
12460 4003 2733 585 
15632 2927 1362 
12460 4003 2733 585 
9332 5036 2041 1103 
11579 2746 2289 911 
9332 5036 2041 1103 
11579 2746 2289 911 
9332 5036 2041 1103 
11579 2746 2289 911 
9332 5036 2041 1103 
11579 2746 2289 911 
9332 5036 2041 1103 
11579 2746 2289 911 
9332 5036 2041 1103 
11579 2746 2289 911 
9332 5036 2041 1103 
11579 2746 2289 911 
9332 5036 2041 1103 
11579 2746 2289 911 
9332 5036 2041 1103 
11579 2746 2289 911 
9332 5036 2041 1103 
11579 2746 2289 911 
9879 4366 2706 1429 
6187 5488 3406 2256 1373 
9879 4366 2706 1429 
6187 5488 3406 2256 1373 
9879 4366 2706 1429 
6187 5488 3406 2256 1373 
9879 4366 2706 1429 
6187 5488 3406 2256 1373 
9879 4366 2706 1429 
6187 5488 3406 2256 1373 
9879 4366 2706 1429 
6187 5488 3406 2256 1373 
9879 4366 2706 1429 
6187 5488 3406 2256 1373 
9879 4366 2706 1429 
6187 5488 3406 2256 1373 
9879 4366 2706 1429 
6187 5488 3406 2256 1373 
9879 4366 2706 1429 
6187 5488 3406 2256 1373 
7564 3409 2181 1440 707 327 
5586 4828 2814 1266 827 323 
7564 3409 2181 1440 707 327 
5586 4828 2814 1266 827 323 
7564 3409 2181 1440 707 327 
5586 4828 2814 1266 827 323 
7564 3409 2181 1440 707 327 
5586 4828 2814 1266 827 323 
7564 3409 2181 1440 707 327 
5586 4828 2814 1266 827 323 
7564 3409 2181 1440 707 327 
5586 4828 2814 1266 827 323 
7564 3409 2181 1440 707 327 
5586 4828 2814 1266 827 323 
7564 3409 2181 1440 707 327 
5586 4828 2814 1266 827 323 
7564 3409 2181 1440 707 327 
5586 4828 2814 1266 827 323 
7564 3409 2181 1440 707 327 
5586 4828 2814 1266 827 323 
7219 6729 3639 2304 1096 
13948 3522 2364 1171 
7219 6729 3639 2304 1096 
13948 3522 2364 1171 
7219 6729 3639 2304 1096 
13948 3522 2364 1171 
7219 6729 3639 2304 1096 
13948 3522 2364 1171 
7219 6729 3639 2304 1096 
13948 3522 2364 1171 
7219 6729 3639 2304 1096 
13948 3522 2364 1171 
7219 6729 3639 2304 1096 
13948 3522 2364 1171 
7219 6729 3639 2304 1096 
13948 3522 2364 1171 
7219 6729 3639 2304 1096 
13948 3522 2364 1171 
7219 6729 3639 2304 1096 
13948 3522 2364 1171 
12050 4504 2227 1417 870 396 
9361 6045 3869 1106 809 
12050 4504 2227 1417 870 396 
9361 6045 3869 1106 809 
12050 4504 2227 1417 870 396 
9361 6045 3869 1106 809 
12050 4504 2227 1417 870 396 
9361 6045 3869 1106 809 
12050 4504 2227 1417 870 396 
9361 6045 3869 1106 809 
12050 4504 2227 1417 870 396 
9361 6045 3869 1106 809 
12050 4504 2227 1417 870 396 
9361 6045 3869 1106 809 
12050 4504 2227 1417 870 396 
9361 6045 3869 1106 809 
12050 4504 2227 1417 870 396 
9361 6045 3869 1106 809 
12050 4504 2227 1417 870 396 
9361 6045 3869 1106 809 
7816 7562 2393 890 759 
10470 4429 2769 1343 417 
7816 7562 2393 890 759 
10470 4429 2769 1343 417 
7816 7562 2393 890 759 
10470 4429 2769 1343 417 
7816 7562 2393 890 759 
10470 4429 2769 1343 417 
7816 7562 2393 890 759 
10470 4429 2769 1343 417 
7816 7562 2393 890 759 
10470 4429 2769 1343 417 
7816 7562 2393 890 759 
10470 4429 2769 1343 417 
7816 7562 2393 890 759 
10470 4429 2769 1343 417 
7816 7562 2393 890 759 
10470 4429 2769 1343 417 
7816 7562 2393 890 759 
10470 4429 2769 1343 417 
7801 6417 4236 2101 632 520 
11319 5836 3174 1035 371 
7801 6417 4236 2101 632 520 
11319 5836 3174 1035 371 
7801 6417 4236 2101 632 520 
11319 5836 3174 1035 371 
7801 6417 4236 2101 632 520 
11319 5836 3174 1035 371 
7801 6417 4236 2101 632 520 
11319 5836 3174 1035 371 
7801 6417 4236 2101 632 520 
11319 5836 3174 1035 371 
7801 6417 4236 2101 632 520 
11319 5836 3174 1035 371 
7801 6417 4236 2101 632 520 
11319 5836 3174 1035 371 
7801 6417 4236 2101 632 520 
11319 5836 3174 1035 371 
7801 6417 4236 2101 632 520 
11319 5836 3174 1035 371 
10486 6984 4748 3091 2549 1458 1231 370 357 
10486 6984 4748 3091 2549 1458 1231 370 357 
10486 6984 4748 3091 2549 1458 1231 370 357 
10486 6984 4748 3091 2549 1458 1231 370 357 
10486 6984 4748 3091 2549 1458 1231 370 357 
10486 6984 4748 3091 2549 1458 1231 370 357 
10486 6984 4748 3091 2549 1458 1231 370 357 
10486 6984 4748 3091 2549 1458 1231 370 357 
10486 6984 4748 3091 2549 1458 1231 370 357 
10486 6984 4748 3091 2549 1458 1231 370 357 
12760 5028 1690 777 406 
17732 1757 719 414 
12760 5028 1690 777 406 
17732 1757 719 414 
12760 5028 1690 777 406 
17732 1757 719 414 
12760 5028 1690 777 406 
17732 1757 719 414 
12760 5028 1690 777 406 
17732 1757 719 414 
12760 5028 1690 777 406 
17732 1757 719 414 
12760 5028 1690 777 406 
17732 1757 719 414 
12760 5028 1690 777 406 
17732 1757 719 414 
12760 5028 1690 777 406 
17732 1757 719 414 
12760 5028 1690 777 406 
17732 1757 719 414 
16286 2294 362 
13464 3204 1634 734 
16286 2294 362 
13464 3204 1634 734 
16286 2294 362 
13464 3204 1634 734 
16286 2294 362 
13464 3204 1634 734 
16286 2294 362 
13464 3204 1634 734 
16286 2294 362 
13464 3204 1634 734 
16286 2294 362 
13464 3204 1634 734 
16286 2294 362 
13464 3204 1634 734 
16286 2294 362 
13464 3204 1634 734 
16286 2294 362 
13464 3204 1634 734 
19284 2218 963 
11910 5101 3011 1725 744 
19284 2218 963 
11910 5101 3011 1725 744 
19284 2218 963 
11910 5101 3011 1725 744 
19284 2218 963 
11910 5101 3011 1725 744 
19284 2218 963 
11910 5101 3011 1725 744 
19284 2218 963 
11910 5101 3011 1725 744 
19284 2218 963 
11910 5101 3011 1725 744 
19284 2218 963 
11910 5101 3011 1725 744 
19284 2218 963 
11910 5101 3011 1725 744 
19284 2218 963 
11910 5101 3011 1725 744 
7743 3660 1973 1167 534 163 
12235 1801 849 319 
7743 3660 1973 1167 534 163 
12235 1801 849 319 
7743 3660 1973 1167 534 163 
12235 1801 849 319 
7743 3660 1973 1167 534 163 
12235 1801 849 319 
7743 3660 1973 1167 534 163 
12235 1801 849 319 
7743 3660 1973 1167 534 163 
12235 1801 849 319 
7743 3660 1973 1167 534 163 
12235 1801 849 319 
7743 3660 1973 1167 534 163 
12235 1801 849 319 
7743 3660 1973 1167 534 163 
12235 1801 849 319 
7743 3660 1973 1167 534 163 
12235 1801 849 319 
15335 3546 1470 1084 360 
8311 5705 4193 2409 805 363 
15335 3546 1470 1084 360 
8311 5705 4193 2409 805 363 
15335 3546 1470 1084 360 
8311 5705 4193 2409 805 363 
15335 3546 1470 1084 360 
8311 5705 4193 2409 805 363 
15335 3546 1470 1084 360 
8311 5705 4193 2409 805 363 
15335 3546 1470 1084 360 
8311 5705 4193 2409 805 363 
15335 3546 1470 1084 360 
8311 5705 4193 2409 805 363 
15335 3546 1470 1084 360 
8311 5705 4193 2409 805 363 
15335 3546 1470 1084 360 
8311 5705 4193 2409 805 363 
15335 3546 1470 1084 360 
8311 5705 4193 2409 805 363 
7906 5311 4850 3538 2202 1663 950 258 
7906 5311 4850 3538 2202 1663 950 258 
7906 5311 4850 3538 2202 1663 950 258 
7906 5311 4850 3538 2202 1663 950 258 
7906 5311 4850 3538 2202 1663 950 258 
7906 5311 4850 3538 2202 1663 950 258 
7906 5311 4850 3538 2202 1663 950 258 
7906 5311 4850 3538 2202 1663 950 258 
7906 5311 4850 3538 2202 1663 950 258 
7906 5311 4850 3538 2202 1663 950 258 
14295 4256 2677 1596 636 
17289 3460 1957 941 
14295 4256 2677 1596 636 
17289 3460 1957 941 
14295 4256 2677 1596 636 
17289 3460 1957 941 
14295 4256 2677 1596 636 
17289 3460 1957 941 
14295 4256 2677 1596 636 
17289 3460 1957 941 
14295 4256 2677 1596 636 
17289 3460 1957 941 
14295 4256 2677 1596 636 
17289 3460 1957 941 
14295 4256 2677 1596 636 
17289 3460 1957 941 
14295 4256 2677 1596 636 
17289 3460 1957 941 
14295 4256 2677 1596 636 
17289 3460 1957 941 
12060 5926 4246 3057 2633 1193 1072 216 
12060 5926 4246 3057 2633 1193 1072 216 
12060 5926 4246 3057 2633 1193 1072 216 
12060 5926 4246 3057 2633 1193 1072 216 
12060 5926 4246 3057 2633 1193 1072 216 
12060 5926 4246 3057 2633 1193 1072 216 
12060 5926 4246 3057 2633 1193 1072 216 
12060 5926 4246 3057 2633 1193 1072 216 
12060 5926 4246 3057 2633 1193 1072 216 
12060 5926 4246 3057 2633 1193 1072 216 
15979 431 
15228 786 416 
15979 431 
15228 786 416 
15979 431 
15228 786 416 
15979 431 
15228 786 416 
15979 431 
15228 786 416 
15979 431 
15228 786 416 
15979 431 
15228 786 416 
15979 431 
15228 786 416 
15979 431 
15228 786 416 
15979 431 
15228 786 416 
8920 5862 2339 1034 
10872 3794 2378 1039 
8920 5862 2339 1034 
10872 3794 2378 1039 
8920 5862 2339 1034 
10872 3794 2378 1039 
8920 5862 2339 1034 
10872 3794 2378 1039 
8920 5862 2339 1034 
10872 3794 2378 1039 
8920 5862 2339 1034 
10872 3794 2378 1039 
8920 5862 2339 1034 
10872 3794 2378 1039 
8920 5862 2339 1034 
10872 3794 2378 1039 
8920 5862 2339 1034 
10872 3794 2378 1039 
8920 5862 2339 1034 
10872 3794 2378 1039 
14839 953 771 
10675 3192 1988 718 
14839 953 771 
10675 3192 1988 718 
14839 953 771 
10675 3192 1988 718 
14839 953 771 
10675 3192 1988 718 
14839 953 771 
10675 3192 1988 718 
14839 953 771 
10675 3192 1988 718 
14839 953 771 
10675 3192 1988 718 
14839 953 771 
10675 3192 1988 718 
14839 953 771 
10675 3192 1988 718 
14839 953 771 
10675 3192 1988 718 
9917 6776 3742 2478 1812 938 730 416 
9917 6776 3742 2478 1812 938 730 416 
9917 6776 3742 2478 1812 938 730 416 
9917 6776 3742 2478 1812 938 730 416 
9917 6776 3742 2478 1812 938 730 416 
9917 6776 3742 2478 1812 938 730 416 
9917 6776 3742 2478 1812 938 730 416 
9917 6776 3742 2478 1812 938 730 416 
9917 6776 3742 2478 1812 938 730 416 
9917 6776 3742 2478 1812 938 730 416 
16118 1555 1060 504 
8448 4650 3250 1437 864 532 
16118 1555 1060 504 
8448 4650 3250 1437 864 532 
16118 1555 1060 504 
8448 4650 3250 1437 864 532 
16118 1555 1060 504 
8448 4650 3250 1437 864 532 
16118 1555 1060 504 
8448 4650 3250 1437 864 532 
16118 1555 1060 504 
8448 4650 3250 1437 864 532 
16118 1555 1060 504 
8448 4650 3250 1437 864 532 
16118 1555 1060 504 
8448 4650 3250 1437 864 532 
16118 1555 1060 504 
8448 4650 3250 1437 864 532 
16118 1555 1060 504 
8448 4650 3250 1437 864 532 
9149 2843 2179 1225 270 
14213 1208 261 
9149 2843 2179 1225 270 
14213 1208 261 
9149 2843 2179 1225 270 
14213 1208 261 
9149 2843 2179 1225 270 
14213 1208 261 
9149 2843 2179 1225 270 
14213 1208 261 
9149 2843 2179 1225 270 
14213 1208 261 
9149 2843 2179 1225 270 
14213 1208 261 
9149 2843 2179 1225 270 
14213 1208 261 
9149 2843 2179 1225 270 
14213 1208 261 
9149 2843 2179 1225 270 
14213 1208 261 
9898 4795 3072 2037 241 
10374 4663 2850 1452 1014 
9898 4795 3072 2037 241 
10374 4663 2850 1452 1014 
9898 4795 3072 2037 241 
10374 4663 2850 1452 1014 
9898 4795 3072 2037 241 
10374 4663 2850 1452 1014 
9898 4795 3072 2037 241 
10374 4663 2850 1452 1014 
9898 4795 3072 2037 241 
10374 4663 2850 1452 1014 
9898 4795 3072 2037 241 
10374 4663 2850 1452 1014 
9898 4795 3072 2037 241 
10374 4663 2850 1452 1014 
9898 4795 3072 2037 241 
10374 4663 2850 1452 1014 
9898 4795 3072 2037 241 
10374 4663 2850 1452 1014 
7430 7327 4599 3429 2400 1729 1457 868 836 
7430 7327 4599 3429 2400 1729 1457 868 836 
7430 7327 4599 3429 2400 1729 1457 868 836 
7430 7327 4599 3429 2400 1729 1457 868 836 
7430 7327 4599 3429 2400 1729 1457 868 836 
7430 7327 4599 3429 2400 1729 1457 868 836 
7430 7327 4599 3429 2400 1729 1457 868 836 
7430 7327 4599 3429 2400 1729 1457 868 836 
7430 7327 4599 3429 2400 1729 1457 868 836 
7430 7327 4599 3429 2400 1729 1457 868 836 
11818 4330 2208 890 
8579 5980 3141 1142 678 
11818 4330 2208 890 
8579 5980 3141 1142 678 
11818 4330 2208 890 
8579 5980 3141 1142 678 
11818 4330 2208 890 
8579 5980 3141 1142 678 
11818 4330 2208 890 
8579 5980 3141 1142 678 
11818 4330 2208 890 
8579 5980 3141 1142 678 
11818 4330 2208 890 
8579 5980 3141 1142 678 
11818 4330 2208 890 
8579 5980 3141 1142 678 
11818 4330 2208 890 
8579 5980 3141 1142 678 
11818 4330 2208 890 
8579 5980 3141 1142 678 
9044 2841 1927 1026 468 386 
7644 3371 2420 1385 675 312 
9044 2841 1927 1026 468 386 
7644 3371 2420 1385 675 312 
9044 2841 1927 1026 468 386 
7644 3371 2420 1385 675 312 
9044 2841 1927 1026 468 386 
7644 3371 2420 1385 675 312 
9044 2841 1927 1026 468 386 
7644 3371 2420 1385 675 312 
9044 2841 1927 1026 468 386 
7644 3371 2420 1385 675 312 
9044 2841 1927 1026 468 386 
7644 3371 2420 1385 675 312 
9044 2841 1927 1026 468 386 
7644 3371 2420 1385 675 312 
9044 2841 1927 1026 468 386 
7644 3371 2420 1385 675 312 
9044 2841 1927 1026 468 386 
7644 3371 2420 1385 675 312 
9738 6811 2888 989 818 
13856 4629 1996 468 
9738 6811 2888 989 818 
13856 4629 1996 468 
9738 6811 2888 989 818 
13856 4629 1996 468 
9738 6811 2888 989 818 
13856 4629 1996 468 
9738 6811 2888 989 818 
13856 4629 1996 468 
9738 6811 2888 989 818 
13856 4629 1996 468 
9738 6811 2888 989 818 
13856 4629 1996 468 
9738 6811 2888 989 818 
13856 4629 1996 468 
9738 6811 2888 989 818 
13856 4629 1996 468 
9738 6811 2888 989 818 
13856 4629 1996 468 
12092 4729 2201 1707 1003 618 438 
12092 4729 2201 1707 1003 618 438 
12092 4729 2201 1707 1003 618 438 
12092 4729 2201 1707 1003 618 438 
12092 4729 2201 1707 1003 618 438 
12092 4729 2201 1707 1003 618 438 
12092 4729 2201 1707 1003 618 438 
12092 4729 2201 1707 1003 618 438 
12092 4729 2201 1707 1003 618 438 
12092 4729 2201 1707 1003 618 438 
18723 5534 4032 2458 1223 1073 760 197 
18723 5534 4032 2458 1223 1073 760 197 
18723 5534 4032 2458 1223 1073 760 197 
18723 5534 4032 2458 1223 1073 760 197 
18723 5534 4032 2458 1223 1073 760 197 
18723 5534 4032 2458 1223 1073 760 197 
18723 5534 4032 2458 1223 1073 760 197 
18723 5534 4032 2458 1223 1073 760 197 
18723 5534 4032 2458 1223 1073 760 197 
18723 5534 4032 2458 1223 1073 760 197 
14536 3876 2218 1616 1147 882 703 256 
14536 3876 2218 1616 1147 882 703 256 
14536 3876 2218 1616 1147 882 703 256 
14536 3876 2218 1616 1147 882 703 256 
14536 3876 2218 1616 1147 882 703 256 
14536 3876 2218 1616 1147 882 703 256 
14536 3876 2218 1616 1147 882 703 256 
14536 3876 2218 1616 1147 882 703 256 
14536 3876 2218 1616 1147 882 703 256 
14536 3876 2218 1616 1147 882 703 256 
10886 4509 2531 1189 514 
12539 3843 2361 901 
10886 4509 2531 1189 514 
12539 3843 2361 901 
10886 4509 2531 1189 514 
12539 3843 2361 901 
10886 4509 2531 1189 514 
12539 3843 2361 901 
10886 4509 2531 1189 514 
12539 3843 2361 901 
10886 4509 2531 1189 514 
12539 3843 2361 901 
10886 4509 2531 1189 514 
12539 3843 2361 901 
10886 4509 2531 1189 514 
12539 3843 2361 901 
10886 4509 2531 1189 514 
12539 3843 2361 901 
10886 4509 2531 1189 514 
12539 3843 2361 901 
4987 4104 2243 1835 879 454 256 
7366 3725 2007 923 476 313 
4987 4104 2243 1835 879 454 256 
7366 3725 2007 923 476 313 
4987 4104 2243 1835 879 454 256 
7366 3725 2007 923 476 313 
4987 4104 2243 1835 879 454 256 
7366 3725 2007 923 476 313 
4987 4104 2243 1835 879 454 256 
7366 3725 2007 923 476 313 
4987 4104 2243 1835 879 454 256 
7366 3725 2007 923 476 313 
4987 4104 2243 1835 879 454 256 
7366 3725 2007 923 476 313 
4987 4104 2243 1835 879 454 256 
7366 3725 2007 923 476 313 
4987 4104 2243 1835 879 454 256 
7366 3725 2007 923 476 313 
4987 4104 2243 1835 879 454 256 
7366 3725 2007 923 476 313 
16482 3557 1741 781 410 
9864 5611 4135 2257 729 302 
16482 3557 1741 781 410 
9864 5611 4135 2257 729 302 
16482 3557 1741 781 410 
9864 5611 4135 2257 729 302 
16482 3557 1741 781 410 
9864 5611 4135 2257 729 302 
16482 3557 1741 781 410 
9864 5611 4135 2257 729 302 
16482 3557 1741 781 410 
9864 5611 4135 2257 729 302 
16482 3557 1741 781 410 
9864 5611 4135 2257 729 302 
16482 3557 1741 781 410 
9864 5611 4135 2257 729 302 
16482 3557 1741 781 410 
9864 5611 4135 2257 729 302 
16482 3557 1741 781 410 
9864 5611 4135 2257 729 302 
6568 5738 3143 2177 937 450 
6654 5687 2978 2498 688 464 
6568 5738 3143 2177 937 450 
6654 5687 2978 2498 688 464 
6568 5738 3143 2177 937 450 
6654 5687 2978 2498 688 464 
6568 5738 3143 2177 937 450 
6654 5687 2978 2498 688 464 
6568 5738 3143 2177 937 450 
6654 5687 2978 2498 688 464 
6568 5738 3143 2177 937 450 
6654 5687 2978 2498 688 464 
6568 5738 3143 2177 937 450 
6654 5687 2978 2498 688 464 
6568 5738 3143 2177 937 450 
6654 5687 2978 2498 688 464 
6568 5738 3143 2177 937 450 
6654 5687 2978 2498 688 464 
6568 5738 3143 2177 937 450 
6654 5687 2978 2498 688 464 
28504 2321 1487 701 404 173 
28504 2321 1487 701 404 173 
28504 2321 1487 701 404 173 
28504 2321 1487 701 404 173 
28504 2321 1487 701 404 173 
28504 2321 1487 701 404 173 
28504 2321 1487 701 404 173 
28504 2321 1487 701 404 173 
28504 2321 1487 701 404 173 
28504 2321 1487 701 404 173 
8840 4596 2120 1064 380 
7371 5209 3394 744 238 
8840 4596 2120 1064 380 
7371 5209 3394 744 238 
8840 4596 2120 1064 380 
7371 5209 3394 744 238 
8840 4596 2120 1064 380 
7371 5209 3394 744 238 
8840 4596 2120 1064 380 
7371 5209 3394 744 238 
8840 4596 2120 1064 380 
7371 5209 3394 744 238 
8840 4596 2120 1064 380 
7371 5209 3394 744 238 
8840 4596 2120 1064 380 
7371 5209 3394 744 238 
8840 4596 2120 1064 380 
7371 5209 3394 744 238 
8840 4596 2120 1064 380 
7371 5209 3394 744 238 
6350 5987 3396 1587 368 277 
8682 4312 3043 1210 462 248 
6350 5987 3396 1587 368 277 
8682 4312 3043 1210 462 248 
6350 5987 3396 1587 368 277 
8682 4312 3043 1210 462 248 
6350 5987 3396 1587 368 277 
8682 4312 3043 1210 462 248 
6350 5987 3396 1587 368 277 
8682 4312 3043 1210 462 248 
6350 5987 3396 1587 368 277 
8682 4312 3043 1210 462 248 
6350 5987 3396 1587 368 277 
8682 4312 3043 1210 462 248 
6350 5987 3396 1587 368 277 
8682 4312 3043 1210 462 248 
6350 5987 3396 1587 368 277 
8682 4312 3043 1210 462 248 
6350 5987 3396 1587 368 277 
8682 4312 3043 1210 462 248 
21385 1185 
13964 4499 2880 1328 
21385 1185 
13964 4499 2880 1328 
21385 1185 
13964 4499 2880 1328 
21385 1185 
13964 4499 2880 1328 
21385 1185 
13964 4499 2880 1328 
21385 1185 
13964 4499 2880 1328 
21385 1185 
13964 4499 2880 1328 
21385 1185 
13964 4499 2880 1328 
21385 1185 
13964 4499 2880 1328 
21385 1185 
13964 4499 2880 1328 
11794 4365 1952 854 552 
9428 5340 3536 802 211 
11794 4365 1952 854 552 
9428 5340 3536 802 211 
11794 4365 1952 854 552 
9428 5340 3536 802 211 
11794 4365 1952 854 552 
9428 5340 3536 802 211 
11794 4365 1952 854 552 
9428 5340 3536 802 211 
11794 4365 1952 854 552 
9428 5340 3536 802 211 
11794 4365 1952 854 552 
9428 5340 3536 802 211 
11794 4365 1952 854 552 
9428 5340 3536 802 211 
11794 4365 1952 854 552 
9428 5340 3536 802 211 
11794 4365 1952 854 552 
9428 5340 3536 802 211 
10220 3970 2293 1281 827 
11157 3501 1817 1292 744 
10220 3970 2293 1281 827 
11157 3501 1817 1292 744 
10220 3970 2293 1281 827 
11157 3501 1817 1292 744 
10220 3970 2293 1281 827 
11157 3501 1817 1292 744 
10220 3970 2293 1281 827 
11157 3501 1817 1292 744 
10220 3970 2293 1281 827 
11157 3501 1817 1292 744 
10220 3970 2293 1281 827 
11157 3501 1817 1292 744 
10220 3970 2293 1281 827 
11157 3501 1817 1292 744 
10220 3970 2293 1281 827 
11157 3501 1817 1292 744 
10220 3970 2293 1281 827 
11157 3501 1817 1292 744 
12869 4531 3024 2116 1444 917 652 383 
12869 4531 3024 2116 1444 917 652 383 
12869 4531 3024 2116 1444 917 652 383 
12869 4531 3024 2116 1444 917 652 383 
12869 4531 3024 2116 1444 917 652 383 
12869 4531 3024 2116 1444 917 652 383 
12869 4531 3024 2116 1444 917 652 383 
12869 4531 3024 2116 1444 917 652 383 
12869 4531 3024 2116 1444 917 652 383 
12869 4531 3024 2116 1444 917 652 383 
11604 7881 5111 2787 1589 1005 467 355 
11604 7881 5111 2787 1589 1005 467 355 
11604 7881 5111 2787 1589 1005 467 355 
11604 7881 5111 2787 1589 1005 467 355 
11604 7881 5111 2787 1589 1005 467 355 
11604 7881 5111 2787 1589 1005 467 355 
11604 7881 5111 2787 1589 1005 467 355 
11604 7881 5111 2787 1589 1005 467 355 
11604 7881 5111 2787 1589 1005 467 355 
11604 7881 5111 2787 1589 1005 467 355 
10814 5104 2249 1428 596 
6824 5179 3745 3059 917 456 
10814 5104 2249 1428 596 
6824 5179 3745 3059 917 456 
10814 5104 2249 1428 596 
6824 5179 3745 3059 917 456 
10814 5104 2249 1428 596 
6824 5179 3745 3059 917 456 
10814 5104 2249 1428 596 
6824 5179 3745 3059 917 456 
10814 5104 2249 1428 596 
6824 5179 3745 3059 917 456 
10814 5104 2249 1428 596 
6824 5179 3745 3059 917 456 
10814 5104 2249 1428 596 
6824 5179 3745 3059 917 456 
10814 5104 2249 1428 596 
6824 5179 3745 3059 917 456 
10814 5104 2249 1428 596 
6824 5179 3745 3059 917 456 
9902 3964 2371 1058 563 
5841 4608 3957 1775 1105 564 
9902 3964 2371 1058 563 
5841 4608 3957 1775 1105 564 
9902 3964 2371 1058 563 
5841 4608 3957 1775 1105 564 
9902 3964 2371 1058 563 
5841 4608 3957 1775 1105 564 
9902 3964 2371 1058 563 
5841 4608 3957 1775 1105 564 
9902 3964 2371 1058 563 
5841 4608 3957 1775 1105 564 
9902 3964 2371 1058 563 
5841 4608 3957 1775 1105 564 
9902 3964 2371 1058 563 
5841 4608 3957 1775 1105 564 
9902 3964 2371 1058 563 
5841 4608 3957 1775 1105 564 
9902 3964 2371 1058 563 
5841 4608 3957 1775 1105 564 
7913 4491 2568 1504 981 
6676 4655 4009 1260 406 
7913 4491 2568 1504 981 
6676 4655 4009 1260 406 
7913 4491 2568 1504 981 
6676 4655 4009 1260 406 
7913 4491 2568 1504 981 
6676 4655 4009 1260 406 
7913 4491 2568 1504 981 
6676 4655 4009 1260 406 
7913 4491 2568 1504 981 
6676 4655 4009 1260 406 
7913 4491 2568 1504 981 
6676 4655 4009 1260 406 
7913 4491 2568 1504 981 
6676 4655 4009 1260 406 
7913 4491 2568 1504 981 
6676 4655 4009 1260 406 
7913 4491 2568 1504 981 
6676 4655 4009 1260 406 
6030 5777 3114 2105 569 
8195 4076 2881 1548 876 
6030 5777 3114 2105 569 
8195 4076 2881 1548 876 
6030 5777 3114 2105 569 
8195 4076 2881 1548 876 
6030 5777 3114 2105 569 
8195 4076 2881 1548 876 
6030 5777 3114 2105 569 
8195 4076 2881 1548 876 
6030 5777 3114 2105 569 
8195 4076 2881 1548 876 
6030 5777 3114 2105 569 
8195 4076 2881 1548 876 
6030 5777 3114 2105 569 
8195 4076 2881 1548 876 
6030 5777 3114 2105 569 
8195 4076 2881 1548 876 
6030 5777 3114 2105 569 
8195 4076 2881 1548 876 
8411 7729 5036 4080 2662 1429 852 319 144 
8411 7729 5036 4080 2662 1429 852 319 144 
8411 7729 5036 4080 2662 1429 852 319 144 
8411 7729 5036 4080 2662 1429 852 319 144 
8411 7729 5036 4080 2662 1429 852 319 144 
8411 7729 5036 4080 2662 1429 852 319 144 
8411 7729 5036 4080 2662 1429 852 319 144 
8411 7729 5036 4080 2662 1429 852 319 144 
8411 7729 5036 4080 2662 1429 852 319 144 
8411 7729 5036 4080 2662 1429 852 319 144 
8599 7136 4483 2026 1140 
14175 5021 3101 760 
8599 7136 4483 2026 1140 
14175 5021 3101 760 
8599 7136 4483 2026 1140 
14175 5021 3101 760 
8599 7136 4483 2026 1140 
14175 5021 3101 760 
8599 7136 4483 2026 1140 
14175 5021 3101 760 
8599 7136 4483 2026 1140 
14175 5021 3101 760 
8599 7136 4483 2026 1140 
14175 5021 3101 760 
8599 7136 4483 2026 1140 
14175 5021 3101 760 
8599 7136 4483 2026 1140 
14175 5021 3101 760 
8599 7136 4483 2026 1140 
14175 5021 3101 760 
7101 3593 3220 2057 662 515 
13043 2385 1809 
7101 3593 3220 2057 662 515 
13043 2385 1809 
7101 3593 3220 2057 662 515 
13043 2385 1809 
7101 3593 3220 2057 662 515 
13043 2385 1809 
7101 3593 3220 2057 662 515 
13043 2385 1809 
7101 3593 3220 2057 662 515 
13043 2385 1809 
7101 3593 3220 2057 662 515 
13043 2385 1809 
7101 3593 3220 2057 662 515 
13043 2385 1809 
7101 3593 3220 2057 662 515 
13043 2385 1809 
7101 3593 3220 2057 662 515 
13043 2385 1809 
18890 5007 3402 2110 1483 1296 1017 238 
18890 5007 3402 2110 1483 1296 1017 238 
18890 5007 3402 2110 1483 1296 1017 238 
18890 5007 3402 2110 1483 1296 1017 238 
18890 5007 3402 2110 1483 1296 1017 238 
18890 5007 3402 2110 1483 1296 1017 238 
18890 5007 3402 2110 1483 1296 1017 238 
18890 5007 3402 2110 1483 1296 1017 238 
18890 5007 3402 2110 1483 1296 1017 238 
18890 5007 3402 2110 1483 1296 1017 238 
8170 5859 2808 1718 318 
13060 4739 755 323 
8170 5859 2808 1718 318 
13060 4739 755 323 
8170 5859 2808 1718 318 
13060 4739 755 323 
8170 5859 2808 1718 318 
13060 4739 755 323 
8170 5859 2808 1718 318 
13060 4739 755 323 
8170 5859 2808 1718 318 
13060 4739 755 323 
8170 5859 2808 1718 318 
13060 4739 755 323 
8170 5859 2808 1718 318 
13060 4739 755 323 
8170 5859 2808 1718 318 
13060 4739 755 323 
8170 5859 2808 1718 318 
13060 4739 755 323 
17072 2851 1300 394 
8746 6198 3401 2486 430 332 
17072 2851 1300 394 
8746 6198 3401 2486 430 332 
17072 2851 1300 394 
8746 6198 3401 2486 430 332 
17072 2851 1300 394 
8746 6198 3401 2486 430 332 
17072 2851 1300 394 
8746 6198 3401 2486 430 332 
17072 2851 1300 394 
8746 6198 3401 2486 430 332 
17072 2851 1300 394 
8746 6198 3401 2486 430 332 
17072 2851 1300 394 
8746 6198 3401 2486 430 332 
17072 2851 1300 394 
8746 6198 3401 2486 430 332 
17072 2851 1300 394 
8746 6198 3401 2486 430 332 
15812 3652 1100 127 
16533 2630 1853 
15812 3652 1100 127 
16533 2630 1853 
15812 3652 1100 127 
16533 2630 1853 
15812 3652 1100 127 
16533 2630 1853 
15812 3652 1100 127 
16533 2630 1853 
15812 3652 1100 127 
16533 2630 1853 
15812 3652 1100 127 
16533 2630 1853 
15812 3652 1100 127 
16533 2630 1853 
15812 3652 1100 127 
16533 2630 1853 
15812 3652 1100 127 
16533 2630 1853 
13837 4599 2128 1065 
7372 7301 3372 2162 1526 
13837 4599 2128 1065 
7372 7301 3372 2162 1526 
13837 4599 2128 1065 
7372 7301 3372 2162 1526 
13837 4599 2128 1065 
7372 7301 3372 2162 1526 
13837 4599 2128 1065 
7372 7301 3372 2162 1526 
13837 4599 2128 1065 
7372 7301 3372 2162 1526 
13837 4599 2128 1065 
7372 7301 3372 2162 1526 
13837 4599 2128 1065 
7372 7301 3372 2162 1526 
13837 4599 2128 1065 
7372 7301 3372 2162 1526 
13837 4599 2128 1065 
7372 7301 3372 2162 1526 
11212 5518 4224 2840 1380 
8351 5591 5003 3524 1812 994 
11212 5518 4224 2840 1380 
8351 5591 5003 3524 1812 994 
11212 5518 4224 2840 1380 
8351 5591 5003 3524 1812 994 
11212 5518 4224 2840 1380 
8351 5591 5003 3524 1812 994 
11212 5518 4224 2840 1380 
8351 5591 5003 3524 1812 994 
11212 5518 4224 2840 1380 
8351 5591 5003 3524 1812 994 
11212 5518 4224 2840 1380 
8351 5591 5003 3524 1812 994 
11212 5518 4224 2840 1380 
8351 5591 5003 3524 1812 994 
11212 5518 4224 2840 1380 
8351 5591 5003 3524 1812 994 
11212 5518 4224 2840 1380 
8351 5591 5003 3524 1812 994 
14130 1512 1034 
14305 1463 734 
14130 1512 1034 
14305 1463 734 
14130 1512 1034 
14305 1463 734 
14130 1512 1034 
14305 1463 734 
14130 1512 1034 
14305 1463 734 
14130 1512 1034 
14305 1463 734 
14130 1512 1034 
14305 1463 734 
14130 1512 1034 
14305 1463 734 
14130 1512 1034 
14305 1463 734 
14130 1512 1034 
14305 1463 734 
13735 3912 2446 1989 1327 1128 925 338 237 
13735 3912 2446 1989 1327 1128 925 338 237 
13735 3912 2446 1989 1327 1128 925 338 237 
13735 3912 2446 1989 1327 1128 925 338 237 
13735 3912 2446 1989 1327 1128 925 338 237 
13735 3912 2446 1989 1327 1128 925 338 237 
13735 3912 2446 1989 1327 1128 925 338 237 
13735 3912 2446 1989 1327 1128 925 338 237 
13735 3912 2446 1989 1327 1128 925 338 237 
13735 3912 2446 1989 1327 1128 925 338 237 
5239 3862 2301 1830 1429 931 
10987 2066 1476 1014 
5239 3862 2301 1830 1429 931 
10987 2066 1476 1014 
5239 3862 2301 1830 1429 931 
10987 2066 1476 1014 
5239 3862 2301 1830 1429 931 
10987 2066 1476 1014 
5239 3862 2301 1830 1429 931 
10987 2066 1476 1014 
5239 3862 2301 1830 1429 931 
10987 2066 1476 1014 
5239 3862 2301 1830 1429 931 
10987 2066 1476 1014 
5239 3862 2301 1830 1429 931 
10987 2066 1476 1014 
5239 3862 2301 1830 1429 931 
10987 2066 1476 1014 
5239 3862 2301 1830 1429 931 
10987 2066 1476 1014 
7607 4850 3619 1624 926 
10655 3896 2563 1337 
7607 4850 3619 1624 926 
10655 3896 2563 1337 
7607 4850 3619 1624 926 
10655 3896 2563 1337 
7607 4850 3619 1624 926 
10655 3896 2563 1337 
7607 4850 3619 1624 926 
10655 3896 2563 1337 
7607 4850 3619 1624 926 
10655 3896 2563 1337 
7607 4850 3619 1624 926 
10655 3896 2563 1337 
7607 4850 3619 1624 926 
10655 3896 2563 1337 
7607 4850 3619 1624 926 
10655 3896 2563 1337 
7607 4850 3619 1624 926 
10655 3896 2563 1337 
13402 5436 4057 2639 1780 1398 972 611 
13402 5436 4057 2639 1780 1398 972 611 
13402 5436 4057 2639 1780 1398 972 611 
13402 5436 4057 2639 1780 1398 972 611 
13402 5436 4057 2639 1780 1398 972 611 
13402 5436 4057 2639 1780 1398 972 611 
13402 5436 4057 2639 1780 1398 972 611 
13402 5436 4057 2639 1780 1398 972 611 
13402 5436 4057 2639 1780 1398 972 611 
13402 5436 4057 2639 1780 1398 972 611 
8903 8153 3823 2332 1801 1377 681 477 198 
8903 8153 3823 2332 1801 1377 681 477 198 
8903 8153 3823 2332 1801 1377 681 477 198 
8903 8153 3823 2332 1801 1377 681 477 198 
8903 8153 3823 2332 1801 1377 681 477 198 
8903 8153 3823 2332 1801 1377 681 477 198 
8903 8153 3823 2332 1801 1377 681 477 198 
8903 8153 3823 2332 1801 1377 681 477 198 
8903 8153 3823 2332 1801 1377 681 477 198 
8903 8153 3823 2332 1801 1377 681 477 198 
9492 9291 3996 2505 1770 1406 625 357 304 201 
9492 9291 3996 2505 1770 1406 625 357 304 201 
9492 9291 3996 2505 1770 1406 625 357 304 201 
9492 9291 3996 2505 1770 1406 625 357 304 201 
9492 9291 3996 2505 1770 1406 625 357 304 201 
9492 9291 3996 2505 1770 1406 625 357 304 201 
9492 9291 3996 2505 1770 1406 625 357 304 201 
9492 9291 3996 2505 1770 1406 625 357 304 201 
9492 9291 3996 2505 1770 1406 625 357 304 201 
9492 9291 3996 2505 1770 1406 625 357 304 201 
4628 4173 3320 2177 1149 785 293 187 166 
4628 4173 3320 2177 1149 785 293 187 166 
4628 4173 3320 2177 1149 785 293 187 166 
4628 4173 3320 2177 1149 785 293 187 166 
4628 4173 3320 2177 1149 785 293 187 166 
4628 4173 3320 2177 1149 785 293 187 166 
4628 4173 3320 2177 1149 785 293 187 166 
4628 4173 3320 2177 1149 785 293 187 166 
4628 4173 3320 2177 1149 785 293 187 166 
4628 4173 3320 2177 1149 785 293 187 166 
9833 8998 4930 3689 1986 1654 596 516 
9833 8998 4930 3689 1986 1654 596 516 
9833 8998 4930 3689 1986 1654 596 516 
9833 8998 4930 3689 1986 1654 596 516 
9833 8998 4930 3689 1986 1654 596 516 
9833 8998 4930 3689 1986 1654 596 516 
9833 8998 4930 3689 1986 1654 596 516 
9833 8998 4930 3689 1986 1654 596 516 
9833 8998 4930 3689 1986 1654 596 516 
9833 8998 4930 3689 1986 1654 596 516 
16525 1795 814 528 301 
14853 3086 1184 554 263 
16525 1795 814 528 301 
14853 3086 1184 554 263 
16525 1795 814 528 301 
14853 3086 1184 554 263 
16525 1795 814 528 301 
14853 3086 1184 554 263 
16525 1795 814 528 301 
14853 3086 1184 554 263 
16525 1795 814 528 301 
14853 3086 1184 554 263 
16525 1795 814 528 301 
14853 3086 1184 554 263 
16525 1795 814 528 301 
14853 3086 1184 554 263 
16525 1795 814 528 301 
14853 3086 1184 554 263 
16525 1795 814 528 301 
14853 3086 1184 554 263 
11179 4119 2477 784 311 178 
17011 1362 502 168 
11179 4119 2477 784 311 178 
17011 1362 502 168 
11179 4119 2477 784 311 178 
17011 1362 502 168 
11179 4119 2477 784 311 178 
17011 1362 502 168 
11179 4119 2477 784 311 178 
17011 1362 502 168 
11179 4119 2477 784 311 178 
17011 1362 502 168 
11179 4119 2477 784 311 178 
17011 1362 502 168 
11179 4119 2477 784 311 178 
17011 1362 502 168 
11179 4119 2477 784 311 178 
17011 1362 502 168 
11179 4119 2477 784 311 178 
17011 1362 502 168 
15205 2301 1583 400 
19135 356 
15205 2301 1583 400 
19135 356 
15205 2301 1583 400 
19135 356 
15205 2301 1583 400 
19135 356 
15205 2301 1583 400 
19135 356 
15205 2301 1583 400 
19135 356 
15205 2301 1583 400 
19135 356 
15205 2301 1583 400 
19135 356 
15205 2301 1583 400 
19135 356 
15205 2301 1583 400 
19135 356 
8262 6315 3563 2744 1853 1601 1123 368 172 
8262 6315 3563 2744 1853 1601 1123 368 172 
8262 6315 3563 2744 1853 1601 1123 368 172 
8262 6315 3563 2744 1853 1601 1123 368 172 
8262 6315 3563 2744 1853 1601 1123 368 172 
8262 6315 3563 2744 1853 1601 1123 368 172 
8262 6315 3563 2744 1853 1601 1123 368 172 
8262 6315 3563 2744 1853 1601 1123 368 172 
8262 6315 3563 2744 1853 1601 1123 368 172 
8262 6315 3563 2744 1853 1601 1123 368 172 
14495 2751 1446 
7159 6539 3883 738 190 162 
14495 2751 1446 
7159 6539 3883 738 190 162 
14495 2751 1446 
7159 6539 3883 738 190 162 
14495 2751 1446 
7159 6539 3883 738 190 162 
14495 2751 1446 
7159 6539 3883 738 190 162 
14495 2751 1446 
7159 6539 3883 738 190 162 
14495 2751 1446 
7159 6539 3883 738 190 162 
14495 2751 1446 
7159 6539 3883 738 190 162 
14495 2751 1446 
7159 6539 3883 738 190 162 
14495 2751 1446 
7159 6539 3883 738 190 162 
8141 7579 5320 1931 1685 1385 970 847 241 195 
8141 7579 5320 1931 1685 1385 970 847 241 195 
8141 7579 5320 1931 1685 1385 970 847 241 195 
8141 7579 5320 1931 1685 1385 970 847 241 195 
8141 7579 5320 1931 1685 1385 970 847 241 195 
8141 7579 5320 1931 1685 1385 970 847 241 195 
8141 7579 5320 1931 1685 1385 970 847 241 195 
8141 7579 5320 1931 1685 1385 970 847 241 195 
8141 7579 5320 1931 1685 1385 970 847 241 195 
8141 7579 5320 1931 1685 1385 970 847 241 195 
20351 2836 2037 1496 1092 776 275 
20351 2836 2037 1496 1092 776 275 
20351 2836 2037 1496 1092 776 275 
20351 2836 2037 1496 1092 776 275 
20351 2836 2037 1496 1092 776 275 
20351 2836 2037 1496 1092 776 275 
20351 2836 2037 1496 1092 776 275 
20351 2836 2037 1496 1092 776 275 
20351 2836 2037 1496 1092 776 275 
20351 2836 2037 1496 1092 776 275 
4763 4703 3954 3529 2682 2062 1280 874 222 
4763 4703 3954 3529 2682 2062 1280 874 222 
4763 4703 3954 3529 2682 2062 1280 874 222 
4763 4703 3954 3529 2682 2062 1280 874 222 
4763 4703 3954 3529 2682 2062 1280 874 222 
4763 4703 3954 3529 2682 2062 1280 874 222 
4763 4703 3954 3529 2682 2062 1280 874 222 
4763 4703 3954 3529 2682 2062 1280 874 222 
4763 4703 3954 3529 2682 2062 1280 874 222 
4763 4703 3954 3529 2682 2062 1280 874 222 
8571 7127 4380 1578 957 680 219 182 
8571 7127 4380 1578 957 680 219 182 
8571 7127 4380 1578 957 680 219 182 
8571 7127 4380 1578 957 680 219 182 
8571 7127 4380 1578 957 680 219 182 
8571 7127 4380 1578 957 680 219 182 
8571 7127 4380 1578 957 680 219 182 
8571 7127 4380 1578 957 680 219 182 
8571 7127 4380 1578 957 680 219 182 
8571 7127 4380 1578 957 680 219 182 
6034 4734 2364 1802 1133 651 
5570 4904 2439 1962 1205 560 
6034 4734 2364 1802 1133 651 
5570 4904 2439 1962 1205 560 
6034 4734 2364 1802 1133 651 
5570 4904 2439 1962 1205 560 
6034 4734 2364 1802 1133 651 
5570 4904 2439 1962 1205 560 
6034 4734 2364 1802 1133 651 
5570 4904 2439 1962 1205 560 
6034 4734 2364 1802 1133 651 
5570 4904 2439 1962 1205 560 
6034 4734 2364 1802 1133 651 
5570 4904 2439 1962 1205 560 
6034 4734 2364 1802 1133 651 
5570 4904 2439 1962 1205 560 
6034 4734 2364 1802 1133 651 
5570 4904 2439 1962 1205 560 
6034 4734 2364 1802 1133 651 
5570 4904 2439 1962 1205 560 
9203 4143 2695 2181 322 208 
8874 5565 2425 1336 492 
9203 4143 2695 2181 322 208 
8874 5565 2425 1336 492 
9203 4143 2695 2181 322 208 
8874 5565 2425 1336 492 
9203 4143 2695 2181 322 208 
8874 5565 2425 1336 492 
9203 4143 2695 2181 322 208 
8874 5565 2425 1336 492 
9203 4143 2695 2181 322 208 
8874 5565 2425 1336 492 
9203 4143 2695 2181 322 208 
8874 5565 2425 1336 492 
9203 4143 2695 2181 322 208 
8874 5565 2425 1336 492 
9203 4143 2695 2181 322 208 
8874 5565 2425 1336 492 
9203 4143 2695 2181 322 208 
8874 5565 2425 1336 492 
14320 5506 3885 2876 2062 1173 526 231 187 
14320 5506 3885 2876 2062 1173 526 231 187 
14320 5506 3885 2876 2062 1173 526 231 187 
14320 5506 3885 2876 2062 1173 526 231 187 
14320 5506 3885 2876 2062 1173 526 231 187 
14320 5506 3885 2876 2062 1173 526 231 187 
14320 5506 3885 2876 2062 1173 526 231 187 
14320 5506 3885 2876 2062 1173 526 231 187 
14320 5506 3885 2876 2062 1173 526 231 187 
14320 5506 3885 2876 2062 1173 526 231 187 
8198 7408 3225 1038 256 
16927 2135 646 466 
8198 7408 3225 1038 256 
16927 2135 646 466 
8198 7408 3225 1038 256 
16927 2135 646 466 
8198 7408 3225 1038 256 
16927 2135 646 466 
8198 7408 3225 1038 256 
16927 2135 646 466 
8198 7408 3225 1038 256 
16927 2135 646 466 
8198 7408 3225 1038 256 
16927 2135 646 466 
8198 7408 3225 1038 256 
16927 2135 646 466 
8198 7408 3225 1038 256 
16927 2135 646 466 
8198 7408 3225 1038 256 
16927 2135 646 466 
8039 5396 5316 3337 2758 1937 1378 188 176 
8039 5396 5316 3337 2758 1937 1378 188 176 
8039 5396 5316 3337 2758 1937 1378 188 176 
8039 5396 5316 3337 2758 1937 1378 188 176 
8039 5396 5316 3337 2758 1937 1378 188 176 
8039 5396 5316 3337 2758 1937 1378 188 176 
8039 5396 5316 3337 2758 1937 1378 188 176 
8039 5396 5316 3337 2758 1937 1378 188 176 
8039 5396 5316 3337 2758 1937 1378 188 176 
8039 5396 5316 3337 2758 1937 1378 188 176 
9978 3192 2058 1307 1040 409 268 178 
9978 3192 2058 1307 1040 409 268 178 
9978 3192 2058 1307 1040 409 268 178 
9978 3192 2058 1307 1040 409 268 178 
9978 3192 2058 1307 1040 409 268 178 
9978 3192 2058 1307 1040 409 268 178 
9978 3192 2058 1307 1040 409 268 178 
9978 3192 2058 1307 1040 409 268 178 
9978 3192 2058 1307 1040 409 268 178 
9978 3192 2058 1307 1040 409 268 178 
10799 4520 2048 1271 656 282 198 187 180 171 
10799 4520 2048 1271 656 282 198 187 180 171 
10799 4520 2048 1271 656 282 198 187 180 171 
10799 4520 2048 1271 656 282 198 187 180 171 
10799 4520 2048 1271 656 282 198 187 180 171 
10799 4520 2048 1271 656 282 198 187 180 171 
10799 4520 2048 1271 656 282 198 187 180 171 
10799 4520 2048 1271 656 282 198 187 180 171 
10799 4520 2048 1271 656 282 198 187 180 171 
10799 4520 2048 1271 656 282 198 187 180 171 
14104 2856 850 
11615 3452 1830 1012 
14104 2856 850 
11615 3452 1830 1012 
14104 2856 850 
11615 3452 1830 1012 
14104 2856 850 
11615 3452 1830 1012 
14104 2856 850 
11615 3452 1830 1012 
14104 2856 850 
11615 3452 1830 1012 
14104 2856 850 
11615 3452 1830 1012 
14104 2856 850 
11615 3452 1830 1012 
14104 2856 850 
11615 3452 1830 1012 
14104 2856 850 
11615 3452 1830 1012 
17061 4847 4111 2552 2141 1266 830 175 
17061 4847 4111 2552 2141 1266 830 175 
17061 4847 4111 2552 2141 1266 830 175 
17061 4847 4111 2552 2141 1266 830 175 
17061 4847 4111 2552 2141 1266 830 175 
17061 4847 4111 2552 2141 1266 830 175 
17061 4847 4111 2552 2141 1266 830 175 
17061 4847 4111 2552 2141 1266 830 175 
17061 4847 4111 2552 2141 1266 830 175 
17061 4847 4111 2552 2141 1266 830 175 
10621 8495 3358 2030 791 
9394 9143 4478 1235 1059 
10621 8495 3358 2030 791 
9394 9143 4478 1235 1059 
10621 8495 3358 2030 791 
9394 9143 4478 1235 1059 
10621 8495 3358 2030 791 
9394 9143 4478 1235 1059 
10621 8495 3358 2030 791 
9394 9143 4478 1235 1059 
10621 8495 3358 2030 791 
9394 9143 4478 1235 1059 
10621 8495 3358 2030 791 
9394 9143 4478 1235 1059 
10621 8495 3358 2030 791 
9394 9143 4478 1235 1059 
10621 8495 3358 2030 791 
9394 9143 4478 1235 1059 
10621 8495 3358 2030 791 
9394 9143 4478 1235 1059 
8870 7835 3292 2601 2079 1074 529 248 184 119 
8870 7835 3292 2601 2079 1074 529 248 184 119 
8870 7835 3292 2601 2079 1074 529 248 184 119 
8870 7835 3292 2601 2079 1074 529 248 184 119 
8870 7835 3292 2601 2079 1074 529 248 184 119 
8870 7835 3292 2601 2079 1074 529 248 184 119 
8870 7835 3292 2601 2079 1074 529 248 184 119 
8870 7835 3292 2601 2079 1074 529 248 184 119 
8870 7835 3292 2601 2079 1074 529 248 184 119 
8870 7835 3292 2601 2079 1074 529 248 184 119 
8365 3702 1990 1511 625 
6273 5447 2566 1116 792 
8365 3702 1990 1511 625 
6273 5447 2566 1116 792 
8365 3702 1990 1511 625 
6273 5447 2566 1116 792 
8365 3702 1990 1511 625 
6273 5447 2566 1116 792 
8365 3702 1990 1511 625 
6273 5447 2566 1116 792 
8365 3702 1990 1511 625 
6273 5447 2566 1116 792 
8365 3702 1990 1511 625 
6273 5447 2566 1116 792 
8365 3702 1990 1511 625 
6273 5447 2566 1116 792 
8365 3702 1990 1511 625 
6273 5447 2566 1116 792 
8365 3702 1990 1511 625 
6273 5447 2566 1116 792 
12029 3116 1670 1244 200 175 
7569 5282 2973 1548 901 153 
12029 3116 1670 1244 200 175 
7569 5282 2973 1548 901 153 
12029 3116 1670 1244 200 175 
7569 5282 2973 1548 901 153 
12029 3116 1670 1244 200 175 
7569 5282 2973 1548 901 153 
12029 3116 1670 1244 200 175 
7569 5282 2973 1548 901 153 
12029 3116 1670 1244 200 175 
7569 5282 2973 1548 901 153 
12029 3116 1670 1244 200 175 
7569 5282 2973 1548 901 153 
12029 3116 1670 1244 200 175 
7569 5282 2973 1548 901 153 
12029 3116 1670 1244 200 175 
7569 5282 2973 1548 901 153 
12029 3116 1670 1244 200 175 
7569 5282 2973 1548 901 153 
16993 1198 372 
6699 6404 3187 1240 1047 
16993 1198 372 
6699 6404 3187 1240 1047 
16993 1198 372 
6699 6404 3187 1240 1047 
16993 1198 372 
6699 6404 3187 1240 1047 
16993 1198 372 
6699 6404 3187 1240 1047 
16993 1198 372 
6699 6404 3187 1240 1047 
16993 1198 372 
6699 6404 3187 1240 1047 
16993 1198 372 
6699 6404 3187 1240 1047 
16993 1198 372 
6699 6404 3187 1240 1047 
16993 1198 372 
6699 6404 3187 1240 1047 
9435 5760 3293 2620 1384 1017 714 337 202 189 117 
9435 5760 3293 2620 1384 1017 714 337 202 189 117 
9435 5760 3293 2620 1384 1017 714 337 202 189 117 
9435 5760 3293 2620 1384 1017 714 337 202 189 117 
9435 5760 3293 2620 1384 1017 714 337 202 189 117 
9435 5760 3293 2620 1384 1017 714 337 202 189 117 
9435 5760 3293 2620 1384 1017 714 337 202 189 117 
9435 5760 3293 2620 1384 1017 714 337 202 189 117 
9435 5760 3293 2620 1384 1017 714 337 202 189 117 
9435 5760 3293 2620 1384 1017 714 337 202 189 117 
5662 5472 3808 3303 2521 2041 1365 755 263 189 
5662 5472 3808 3303 2521 2041 1365 755 263 189 
5662 5472 3808 3303 2521 2041 1365 755 263 189 
5662 5472 3808 3303 2521 2041 1365 755 263 189 
5662 5472 3808 3303 2521 2041 1365 755 263 189 
5662 5472 3808 3303 2521 2041 1365 755 263 189 
5662 5472 3808 3303 2521 2041 1365 755 263 189 
5662 5472 3808 3303 2521 2041 1365 755 263 189 
5662 5472 3808 3303 2521 2041 1365 755 263 189 
5662 5472 3808 3303 2521 2041 1365 755 263 189 
6361 3298 2562 1200 668 440 152 
10136 2032 1293 639 438 142 
6361 3298 2562 1200 668 440 152 
10136 2032 1293 639 438 142 
