21067 
26779 
21067 
26779 
21067 
26779 
21067 
26779 
21067 
26779 
21067 
26779 
21067 
26779 
21067 
26779 
21067 
26779 
21067 
26779 
14943 3877 2212 2186 840 816 439 
14943 3877 2212 2186 840 816 439 
14943 3877 2212 2186 840 816 439 
14943 3877 2212 2186 840 816 439 
14943 3877 2212 2186 840 816 439 
14943 3877 2212 2186 840 816 439 
14943 3877 2212 2186 840 816 439 
14943 3877 2212 2186 840 816 439 
14943 3877 2212 2186 840 816 439 
14943 3877 2212 2186 840 816 439 
27390 
27390 
27390 
27390 
27390 
27390 
27390 
27390 
27390 
27390 
17723 4331 2843 1649 1242 291 171 
17723 4331 2843 1649 1242 291 171 
17723 4331 2843 1649 1242 291 171 
17723 4331 2843 1649 1242 291 171 
17723 4331 2843 1649 1242 291 171 
17723 4331 2843 1649 1242 291 171 
17723 4331 2843 1649 1242 291 171 
17723 4331 2843 1649 1242 291 171 
17723 4331 2843 1649 1242 291 171 
17723 4331 2843 1649 1242 291 171 
13545 7196 3848 2794 1562 649 393 260 
13545 7196 3848 2794 1562 649 393 260 
13545 7196 3848 2794 1562 649 393 260 
13545 7196 3848 2794 1562 649 393 260 
13545 7196 3848 2794 1562 649 393 260 
13545 7196 3848 2794 1562 649 393 260 
13545 7196 3848 2794 1562 649 393 260 
13545 7196 3848 2794 1562 649 393 260 
13545 7196 3848 2794 1562 649 393 260 
13545 7196 3848 2794 1562 649 393 260 
7065 3944 3105 2326 1901 907 711 553 295 
7065 3944 3105 2326 1901 907 711 553 295 
7065 3944 3105 2326 1901 907 711 553 295 
7065 3944 3105 2326 1901 907 711 553 295 
7065 3944 3105 2326 1901 907 711 553 295 
7065 3944 3105 2326 1901 907 711 553 295 
7065 3944 3105 2326 1901 907 711 553 295 
7065 3944 3105 2326 1901 907 711 553 295 
7065 3944 3105 2326 1901 907 711 553 295 
7065 3944 3105 2326 1901 907 711 553 295 
19090 5195 3022 2194 1283 731 603 
19090 5195 3022 2194 1283 731 603 
19090 5195 3022 2194 1283 731 603 
19090 5195 3022 2194 1283 731 603 
19090 5195 3022 2194 1283 731 603 
19090 5195 3022 2194 1283 731 603 
19090 5195 3022 2194 1283 731 603 
19090 5195 3022 2194 1283 731 603 
19090 5195 3022 2194 1283 731 603 
19090 5195 3022 2194 1283 731 603 
31015 
31015 
31015 
31015 
31015 
31015 
31015 
31015 
31015 
31015 
30399 
30399 
30399 
30399 
30399 
30399 
30399 
30399 
30399 
30399 
18856 3829 2756 1952 1370 677 259 191 
18856 3829 2756 1952 1370 677 259 191 
18856 3829 2756 1952 1370 677 259 191 
18856 3829 2756 1952 1370 677 259 191 
18856 3829 2756 1952 1370 677 259 191 
18856 3829 2756 1952 1370 677 259 191 
18856 3829 2756 1952 1370 677 259 191 
18856 3829 2756 1952 1370 677 259 191 
18856 3829 2756 1952 1370 677 259 191 
18856 3829 2756 1952 1370 677 259 191 
16486 9070 2568 1949 1341 889 484 273 
16486 9070 2568 1949 1341 889 484 273 
16486 9070 2568 1949 1341 889 484 273 
16486 9070 2568 1949 1341 889 484 273 
16486 9070 2568 1949 1341 889 484 273 
16486 9070 2568 1949 1341 889 484 273 
16486 9070 2568 1949 1341 889 484 273 
16486 9070 2568 1949 1341 889 484 273 
16486 9070 2568 1949 1341 889 484 273 
16486 9070 2568 1949 1341 889 484 273 
14695 6157 3038 1597 1307 700 446 349 
14695 6157 3038 1597 1307 700 446 349 
14695 6157 3038 1597 1307 700 446 349 
14695 6157 3038 1597 1307 700 446 349 
14695 6157 3038 1597 1307 700 446 349 
14695 6157 3038 1597 1307 700 446 349 
14695 6157 3038 1597 1307 700 446 349 
14695 6157 3038 1597 1307 700 446 349 
14695 6157 3038 1597 1307 700 446 349 
14695 6157 3038 1597 1307 700 446 349 
12213 7030 5317 3522 1635 1210 932 327 215 
12213 7030 5317 3522 1635 1210 932 327 215 
12213 7030 5317 3522 1635 1210 932 327 215 
12213 7030 5317 3522 1635 1210 932 327 215 
12213 7030 5317 3522 1635 1210 932 327 215 
12213 7030 5317 3522 1635 1210 932 327 215 
12213 7030 5317 3522 1635 1210 932 327 215 
12213 7030 5317 3522 1635 1210 932 327 215 
12213 7030 5317 3522 1635 1210 932 327 215 
12213 7030 5317 3522 1635 1210 932 327 215 
8599 5630 3931 2277 1887 496 329 319 
8599 5630 3931 2277 1887 496 329 319 
8599 5630 3931 2277 1887 496 329 319 
8599 5630 3931 2277 1887 496 329 319 
8599 5630 3931 2277 1887 496 329 319 
8599 5630 3931 2277 1887 496 329 319 
8599 5630 3931 2277 1887 496 329 319 
8599 5630 3931 2277 1887 496 329 319 
8599 5630 3931 2277 1887 496 329 319 
8599 5630 3931 2277 1887 496 329 319 
17903 8083 2626 1731 952 478 392 156 
17903 8083 2626 1731 952 478 392 156 
17903 8083 2626 1731 952 478 392 156 
17903 8083 2626 1731 952 478 392 156 
17903 8083 2626 1731 952 478 392 156 
17903 8083 2626 1731 952 478 392 156 
17903 8083 2626 1731 952 478 392 156 
17903 8083 2626 1731 952 478 392 156 
17903 8083 2626 1731 952 478 392 156 
17903 8083 2626 1731 952 478 392 156 
26267 504 250 115 
26267 504 250 115 
26267 504 250 115 
26267 504 250 115 
26267 504 250 115 
26267 504 250 115 
26267 504 250 115 
26267 504 250 115 
26267 504 250 115 
26267 504 250 115 
32086 
32086 
32086 
32086 
32086 
32086 
32086 
32086 
32086 
32086 
28614 
28614 
28614 
28614 
28614 
28614 
28614 
28614 
28614 
28614 
16308 2877 1946 1193 763 433 196 
16308 2877 1946 1193 763 433 196 
16308 2877 1946 1193 763 433 196 
16308 2877 1946 1193 763 433 196 
16308 2877 1946 1193 763 433 196 
16308 2877 1946 1193 763 433 196 
16308 2877 1946 1193 763 433 196 
16308 2877 1946 1193 763 433 196 
16308 2877 1946 1193 763 433 196 
16308 2877 1946 1193 763 433 196 
8107 4204 2840 2088 1517 992 953 203 
8107 4204 2840 2088 1517 992 953 203 
8107 4204 2840 2088 1517 992 953 203 
8107 4204 2840 2088 1517 992 953 203 
8107 4204 2840 2088 1517 992 953 203 
8107 4204 2840 2088 1517 992 953 203 
8107 4204 2840 2088 1517 992 953 203 
8107 4204 2840 2088 1517 992 953 203 
8107 4204 2840 2088 1517 992 953 203 
8107 4204 2840 2088 1517 992 953 203 
21613 
21613 
21613 
21613 
21613 
21613 
21613 
21613 
21613 
21613 
31775 
31775 
31775 
31775 
31775 
31775 
31775 
31775 
31775 
31775 
23048 1951 1334 980 395 235 131 
23048 1951 1334 980 395 235 131 
23048 1951 1334 980 395 235 131 
23048 1951 1334 980 395 235 131 
23048 1951 1334 980 395 235 131 
23048 1951 1334 980 395 235 131 
23048 1951 1334 980 395 235 131 
23048 1951 1334 980 395 235 131 
23048 1951 1334 980 395 235 131 
23048 1951 1334 980 395 235 131 
32228 
32228 
32228 
32228 
32228 
32228 
32228 
32228 
32228 
32228 
19463 2105 1054 811 346 277 
19463 2105 1054 811 346 277 
19463 2105 1054 811 346 277 
19463 2105 1054 811 346 277 
19463 2105 1054 811 346 277 
19463 2105 1054 811 346 277 
19463 2105 1054 811 346 277 
19463 2105 1054 811 346 277 
19463 2105 1054 811 346 277 
19463 2105 1054 811 346 277 
6379 6112 5331 3265 2603 1718 1640 791 602 
6379 6112 5331 3265 2603 1718 1640 791 602 
6379 6112 5331 3265 2603 1718 1640 791 602 
6379 6112 5331 3265 2603 1718 1640 791 602 
6379 6112 5331 3265 2603 1718 1640 791 602 
6379 6112 5331 3265 2603 1718 1640 791 602 
6379 6112 5331 3265 2603 1718 1640 791 602 
6379 6112 5331 3265 2603 1718 1640 791 602 
6379 6112 5331 3265 2603 1718 1640 791 602 
6379 6112 5331 3265 2603 1718 1640 791 602 
23904 
23904 
23904 
23904 
23904 
23904 
23904 
23904 
23904 
23904 
20151 1801 954 697 228 222 
20151 1801 954 697 228 222 
20151 1801 954 697 228 222 
20151 1801 954 697 228 222 
20151 1801 954 697 228 222 
20151 1801 954 697 228 222 
20151 1801 954 697 228 222 
20151 1801 954 697 228 222 
20151 1801 954 697 228 222 
20151 1801 954 697 228 222 
13757 4827 3313 1722 1471 981 642 375 
13757 4827 3313 1722 1471 981 642 375 
13757 4827 3313 1722 1471 981 642 375 
13757 4827 3313 1722 1471 981 642 375 
13757 4827 3313 1722 1471 981 642 375 
13757 4827 3313 1722 1471 981 642 375 
13757 4827 3313 1722 1471 981 642 375 
13757 4827 3313 1722 1471 981 642 375 
13757 4827 3313 1722 1471 981 642 375 
13757 4827 3313 1722 1471 981 642 375 
6005 5627 4411 1611 1289 779 502 192 
6005 5627 4411 1611 1289 779 502 192 
6005 5627 4411 1611 1289 779 502 192 
6005 5627 4411 1611 1289 779 502 192 
6005 5627 4411 1611 1289 779 502 192 
6005 5627 4411 1611 1289 779 502 192 
6005 5627 4411 1611 1289 779 502 192 
6005 5627 4411 1611 1289 779 502 192 
6005 5627 4411 1611 1289 779 502 192 
6005 5627 4411 1611 1289 779 502 192 
7358 5438 1740 917 651 
17362 
7358 5438 1740 917 651 
17362 
7358 5438 1740 917 651 
17362 
7358 5438 1740 917 651 
17362 
7358 5438 1740 917 651 
17362 
7358 5438 1740 917 651 
17362 
7358 5438 1740 917 651 
17362 
7358 5438 1740 917 651 
17362 
7358 5438 1740 917 651 
17362 
7358 5438 1740 917 651 
17362 
12370 4191 2618 1532 969 715 228 
12370 4191 2618 1532 969 715 228 
12370 4191 2618 1532 969 715 228 
12370 4191 2618 1532 969 715 228 
12370 4191 2618 1532 969 715 228 
12370 4191 2618 1532 969 715 228 
12370 4191 2618 1532 969 715 228 
12370 4191 2618 1532 969 715 228 
12370 4191 2618 1532 969 715 228 
12370 4191 2618 1532 969 715 228 
13501 6127 2864 1725 716 646 481 222 
13501 6127 2864 1725 716 646 481 222 
13501 6127 2864 1725 716 646 481 222 
13501 6127 2864 1725 716 646 481 222 
13501 6127 2864 1725 716 646 481 222 
13501 6127 2864 1725 716 646 481 222 
13501 6127 2864 1725 716 646 481 222 
13501 6127 2864 1725 716 646 481 222 
13501 6127 2864 1725 716 646 481 222 
13501 6127 2864 1725 716 646 481 222 
16134 2353 1238 998 461 277 133 
16134 2353 1238 998 461 277 133 
16134 2353 1238 998 461 277 133 
16134 2353 1238 998 461 277 133 
16134 2353 1238 998 461 277 133 
16134 2353 1238 998 461 277 133 
16134 2353 1238 998 461 277 133 
16134 2353 1238 998 461 277 133 
16134 2353 1238 998 461 277 133 
16134 2353 1238 998 461 277 133 
8319 4352 3056 2286 1546 846 561 442 
8319 4352 3056 2286 1546 846 561 442 
8319 4352 3056 2286 1546 846 561 442 
8319 4352 3056 2286 1546 846 561 442 
8319 4352 3056 2286 1546 846 561 442 
8319 4352 3056 2286 1546 846 561 442 
8319 4352 3056 2286 1546 846 561 442 
8319 4352 3056 2286 1546 846 561 442 
8319 4352 3056 2286 1546 846 561 442 
8319 4352 3056 2286 1546 846 561 442 
27844 
27844 
27844 
27844 
27844 
27844 
27844 
27844 
27844 
27844 
9208 7858 3698 2573 1361 904 409 128 
9208 7858 3698 2573 1361 904 409 128 
9208 7858 3698 2573 1361 904 409 128 
9208 7858 3698 2573 1361 904 409 128 
9208 7858 3698 2573 1361 904 409 128 
9208 7858 3698 2573 1361 904 409 128 
9208 7858 3698 2573 1361 904 409 128 
9208 7858 3698 2573 1361 904 409 128 
9208 7858 3698 2573 1361 904 409 128 
9208 7858 3698 2573 1361 904 409 128 
26770 
26770 
26770 
26770 
26770 
26770 
26770 
26770 
26770 
26770 
32779 
32779 
32779 
32779 
32779 
32779 
32779 
32779 
32779 
32779 
16170 761 343 190 
16170 761 343 190 
16170 761 343 190 
16170 761 343 190 
16170 761 343 190 
16170 761 343 190 
16170 761 343 190 
16170 761 343 190 
16170 761 343 190 
16170 761 343 190 
27905 
27905 
27905 
27905 
27905 
27905 
27905 
27905 
27905 
27905 
7715 6086 4241 2903 2100 1320 874 827 474 
7715 6086 4241 2903 2100 1320 874 827 474 
7715 6086 4241 2903 2100 1320 874 827 474 
7715 6086 4241 2903 2100 1320 874 827 474 
7715 6086 4241 2903 2100 1320 874 827 474 
7715 6086 4241 2903 2100 1320 874 827 474 
7715 6086 4241 2903 2100 1320 874 827 474 
7715 6086 4241 2903 2100 1320 874 827 474 
7715 6086 4241 2903 2100 1320 874 827 474 
7715 6086 4241 2903 2100 1320 874 827 474 
10064 2340 1664 1399 747 605 358 
10064 2340 1664 1399 747 605 358 
10064 2340 1664 1399 747 605 358 
10064 2340 1664 1399 747 605 358 
10064 2340 1664 1399 747 605 358 
10064 2340 1664 1399 747 605 358 
10064 2340 1664 1399 747 605 358 
10064 2340 1664 1399 747 605 358 
10064 2340 1664 1399 747 605 358 
10064 2340 1664 1399 747 605 358 
6320 3832 2607 2083 1428 583 541 172 
6320 3832 2607 2083 1428 583 541 172 
6320 3832 2607 2083 1428 583 541 172 
6320 3832 2607 2083 1428 583 541 172 
6320 3832 2607 2083 1428 583 541 172 
6320 3832 2607 2083 1428 583 541 172 
6320 3832 2607 2083 1428 583 541 172 
6320 3832 2607 2083 1428 583 541 172 
6320 3832 2607 2083 1428 583 541 172 
6320 3832 2607 2083 1428 583 541 172 
20087 3840 2503 1755 840 435 113 97 
20087 3840 2503 1755 840 435 113 97 
20087 3840 2503 1755 840 435 113 97 
20087 3840 2503 1755 840 435 113 97 
20087 3840 2503 1755 840 435 113 97 
20087 3840 2503 1755 840 435 113 97 
20087 3840 2503 1755 840 435 113 97 
20087 3840 2503 1755 840 435 113 97 
20087 3840 2503 1755 840 435 113 97 
20087 3840 2503 1755 840 435 113 97 
12343 8556 4100 2706 1665 903 775 91 
12343 8556 4100 2706 1665 903 775 91 
12343 8556 4100 2706 1665 903 775 91 
12343 8556 4100 2706 1665 903 775 91 
12343 8556 4100 2706 1665 903 775 91 
12343 8556 4100 2706 1665 903 775 91 
12343 8556 4100 2706 1665 903 775 91 
12343 8556 4100 2706 1665 903 775 91 
12343 8556 4100 2706 1665 903 775 91 
12343 8556 4100 2706 1665 903 775 91 
6578 5895 4266 2678 1880 1229 1000 415 122 
6578 5895 4266 2678 1880 1229 1000 415 122 
6578 5895 4266 2678 1880 1229 1000 415 122 
6578 5895 4266 2678 1880 1229 1000 415 122 
6578 5895 4266 2678 1880 1229 1000 415 122 
6578 5895 4266 2678 1880 1229 1000 415 122 
6578 5895 4266 2678 1880 1229 1000 415 122 
6578 5895 4266 2678 1880 1229 1000 415 122 
6578 5895 4266 2678 1880 1229 1000 415 122 
6578 5895 4266 2678 1880 1229 1000 415 122 
4693 4057 2473 1455 1160 633 536 257 
4693 4057 2473 1455 1160 633 536 257 
4693 4057 2473 1455 1160 633 536 257 
4693 4057 2473 1455 1160 633 536 257 
4693 4057 2473 1455 1160 633 536 257 
4693 4057 2473 1455 1160 633 536 257 
4693 4057 2473 1455 1160 633 536 257 
4693 4057 2473 1455 1160 633 536 257 
4693 4057 2473 1455 1160 633 536 257 
4693 4057 2473 1455 1160 633 536 257 
8329 6703 3806 1815 1685 1128 723 425 214 
8329 6703 3806 1815 1685 1128 723 425 214 
8329 6703 3806 1815 1685 1128 723 425 214 
8329 6703 3806 1815 1685 1128 723 425 214 
8329 6703 3806 1815 1685 1128 723 425 214 
8329 6703 3806 1815 1685 1128 723 425 214 
8329 6703 3806 1815 1685 1128 723 425 214 
8329 6703 3806 1815 1685 1128 723 425 214 
8329 6703 3806 1815 1685 1128 723 425 214 
8329 6703 3806 1815 1685 1128 723 425 214 
32878 
32878 
32878 
32878 
32878 
32878 
32878 
32878 
32878 
32878 
32522 
32522 
32522 
32522 
32522 
32522 
32522 
32522 
32522 
32522 
24501 
24501 
24501 
24501 
24501 
24501 
24501 
24501 
24501 
24501 
26902 
26902 
26902 
26902 
26902 
26902 
26902 
26902 
26902 
26902 
21192 2562 1816 982 387 348 
21192 2562 1816 982 387 348 
21192 2562 1816 982 387 348 
21192 2562 1816 982 387 348 
21192 2562 1816 982 387 348 
21192 2562 1816 982 387 348 
21192 2562 1816 982 387 348 
21192 2562 1816 982 387 348 
21192 2562 1816 982 387 348 
21192 2562 1816 982 387 348 
21891 3736 2563 1645 656 322 
21891 3736 2563 1645 656 322 
21891 3736 2563 1645 656 322 
21891 3736 2563 1645 656 322 
21891 3736 2563 1645 656 322 
21891 3736 2563 1645 656 322 
21891 3736 2563 1645 656 322 
21891 3736 2563 1645 656 322 
21891 3736 2563 1645 656 322 
21891 3736 2563 1645 656 322 
28898 
28898 
28898 
28898 
28898 
28898 
28898 
28898 
28898 
28898 
21593 4661 2774 1642 967 396 50 
21593 4661 2774 1642 967 396 50 
21593 4661 2774 1642 967 396 50 
21593 4661 2774 1642 967 396 50 
21593 4661 2774 1642 967 396 50 
21593 4661 2774 1642 967 396 50 
21593 4661 2774 1642 967 396 50 
21593 4661 2774 1642 967 396 50 
21593 4661 2774 1642 967 396 50 
21593 4661 2774 1642 967 396 50 
31963 
31963 
31963 
31963 
31963 
31963 
31963 
31963 
31963 
31963 
25648 
25648 
25648 
25648 
25648 
25648 
25648 
25648 
25648 
25648 
16835 3954 2561 1911 1527 702 430 361 
16835 3954 2561 1911 1527 702 430 361 
16835 3954 2561 1911 1527 702 430 361 
16835 3954 2561 1911 1527 702 430 361 
16835 3954 2561 1911 1527 702 430 361 
16835 3954 2561 1911 1527 702 430 361 
16835 3954 2561 1911 1527 702 430 361 
16835 3954 2561 1911 1527 702 430 361 
16835 3954 2561 1911 1527 702 430 361 
16835 3954 2561 1911 1527 702 430 361 
8717 2820 1607 1077 550 388 126 78 
8717 2820 1607 1077 550 388 126 78 
8717 2820 1607 1077 550 388 126 78 
8717 2820 1607 1077 550 388 126 78 
8717 2820 1607 1077 550 388 126 78 
8717 2820 1607 1077 550 388 126 78 
8717 2820 1607 1077 550 388 126 78 
8717 2820 1607 1077 550 388 126 78 
8717 2820 1607 1077 550 388 126 78 
8717 2820 1607 1077 550 388 126 78 
10388 8315 5042 3065 2160 1297 597 223 129 
10388 8315 5042 3065 2160 1297 597 223 129 
10388 8315 5042 3065 2160 1297 597 223 129 
10388 8315 5042 3065 2160 1297 597 223 129 
10388 8315 5042 3065 2160 1297 597 223 129 
10388 8315 5042 3065 2160 1297 597 223 129 
10388 8315 5042 3065 2160 1297 597 223 129 
10388 8315 5042 3065 2160 1297 597 223 129 
10388 8315 5042 3065 2160 1297 597 223 129 
10388 8315 5042 3065 2160 1297 597 223 129 
23042 
29751 
23042 
29751 
23042 
29751 
23042 
29751 
23042 
29751 
23042 
29751 
23042 
29751 
23042 
29751 
23042 
29751 
23042 
29751 
9461 7083 6456 2812 1549 1089 337 287 177 
9461 7083 6456 2812 1549 1089 337 287 177 
9461 7083 6456 2812 1549 1089 337 287 177 
9461 7083 6456 2812 1549 1089 337 287 177 
9461 7083 6456 2812 1549 1089 337 287 177 
9461 7083 6456 2812 1549 1089 337 287 177 
9461 7083 6456 2812 1549 1089 337 287 177 
9461 7083 6456 2812 1549 1089 337 287 177 
9461 7083 6456 2812 1549 1089 337 287 177 
9461 7083 6456 2812 1549 1089 337 287 177 
9680 3654 2438 1712 1564 932 289 130 
9680 3654 2438 1712 1564 932 289 130 
9680 3654 2438 1712 1564 932 289 130 
9680 3654 2438 1712 1564 932 289 130 
9680 3654 2438 1712 1564 932 289 130 
9680 3654 2438 1712 1564 932 289 130 
9680 3654 2438 1712 1564 932 289 130 
9680 3654 2438 1712 1564 932 289 130 
9680 3654 2438 1712 1564 932 289 130 
9680 3654 2438 1712 1564 932 289 130 
13120 4631 3054 2118 1201 978 505 288 
13120 4631 3054 2118 1201 978 505 288 
13120 4631 3054 2118 1201 978 505 288 
13120 4631 3054 2118 1201 978 505 288 
13120 4631 3054 2118 1201 978 505 288 
13120 4631 3054 2118 1201 978 505 288 
13120 4631 3054 2118 1201 978 505 288 
13120 4631 3054 2118 1201 978 505 288 
13120 4631 3054 2118 1201 978 505 288 
13120 4631 3054 2118 1201 978 505 288 
27812 
27812 
27812 
27812 
27812 
27812 
27812 
27812 
27812 
27812 
25026 
25026 
25026 
25026 
25026 
25026 
25026 
25026 
25026 
25026 
30990 
30990 
30990 
30990 
30990 
30990 
30990 
30990 
30990 
30990 
25314 
25314 
25314 
25314 
25314 
25314 
25314 
25314 
25314 
25314 
16022 2429 1997 1241 909 517 234 
16022 2429 1997 1241 909 517 234 
16022 2429 1997 1241 909 517 234 
16022 2429 1997 1241 909 517 234 
16022 2429 1997 1241 909 517 234 
16022 2429 1997 1241 909 517 234 
16022 2429 1997 1241 909 517 234 
16022 2429 1997 1241 909 517 234 
16022 2429 1997 1241 909 517 234 
16022 2429 1997 1241 909 517 234 
9667 6072 3657 2255 1531 812 389 291 217 
9667 6072 3657 2255 1531 812 389 291 217 
9667 6072 3657 2255 1531 812 389 291 217 
9667 6072 3657 2255 1531 812 389 291 217 
9667 6072 3657 2255 1531 812 389 291 217 
9667 6072 3657 2255 1531 812 389 291 217 
9667 6072 3657 2255 1531 812 389 291 217 
9667 6072 3657 2255 1531 812 389 291 217 
9667 6072 3657 2255 1531 812 389 291 217 
9667 6072 3657 2255 1531 812 389 291 217 
10818 2739 1715 539 344 
28810 
10818 2739 1715 539 344 
28810 
10818 2739 1715 539 344 
28810 
10818 2739 1715 539 344 
28810 
10818 2739 1715 539 344 
28810 
10818 2739 1715 539 344 
28810 
10818 2739 1715 539 344 
28810 
10818 2739 1715 539 344 
28810 
10818 2739 1715 539 344 
28810 
10818 2739 1715 539 344 
28810 
26807 
26807 
26807 
26807 
26807 
26807 
26807 
26807 
26807 
26807 
18355 
27092 
18355 
27092 
18355 
27092 
18355 
27092 
18355 
27092 
18355 
27092 
18355 
27092 
18355 
27092 
18355 
27092 
18355 
27092 
10293 7774 6768 2764 1459 1107 534 528 
10293 7774 6768 2764 1459 1107 534 528 
10293 7774 6768 2764 1459 1107 534 528 
10293 7774 6768 2764 1459 1107 534 528 
10293 7774 6768 2764 1459 1107 534 528 
10293 7774 6768 2764 1459 1107 534 528 
10293 7774 6768 2764 1459 1107 534 528 
10293 7774 6768 2764 1459 1107 534 528 
10293 7774 6768 2764 1459 1107 534 528 
10293 7774 6768 2764 1459 1107 534 528 
22489 
30653 
22489 
30653 
22489 
30653 
22489 
30653 
22489 
30653 
22489 
30653 
22489 
30653 
22489 
30653 
22489 
30653 
22489 
30653 
4911 4744 2991 2204 1387 1018 609 315 213 
4911 4744 2991 2204 1387 1018 609 315 213 
4911 4744 2991 2204 1387 1018 609 315 213 
4911 4744 2991 2204 1387 1018 609 315 213 
4911 4744 2991 2204 1387 1018 609 315 213 
4911 4744 2991 2204 1387 1018 609 315 213 
4911 4744 2991 2204 1387 1018 609 315 213 
4911 4744 2991 2204 1387 1018 609 315 213 
4911 4744 2991 2204 1387 1018 609 315 213 
4911 4744 2991 2204 1387 1018 609 315 213 
18153 4155 3412 2140 1439 980 470 353 
18153 4155 3412 2140 1439 980 470 353 
18153 4155 3412 2140 1439 980 470 353 
18153 4155 3412 2140 1439 980 470 353 
18153 4155 3412 2140 1439 980 470 353 
18153 4155 3412 2140 1439 980 470 353 
18153 4155 3412 2140 1439 980 470 353 
18153 4155 3412 2140 1439 980 470 353 
18153 4155 3412 2140 1439 980 470 353 
18153 4155 3412 2140 1439 980 470 353 
30978 
30978 
30978 
30978 
30978 
30978 
30978 
30978 
30978 
30978 
8111 6053 3108 1150 518 
30582 
8111 6053 3108 1150 518 
30582 
8111 6053 3108 1150 518 
30582 
8111 6053 3108 1150 518 
30582 
8111 6053 3108 1150 518 
30582 
8111 6053 3108 1150 518 
30582 
8111 6053 3108 1150 518 
30582 
8111 6053 3108 1150 518 
30582 
8111 6053 3108 1150 518 
30582 
8111 6053 3108 1150 518 
30582 
7248 7075 3324 
10025 5048 1353 623 455 
7248 7075 3324 
10025 5048 1353 623 455 
7248 7075 3324 
10025 5048 1353 623 455 
7248 7075 3324 
10025 5048 1353 623 455 
7248 7075 3324 
10025 5048 1353 623 455 
7248 7075 3324 
10025 5048 1353 623 455 
7248 7075 3324 
10025 5048 1353 623 455 
7248 7075 3324 
10025 5048 1353 623 455 
7248 7075 3324 
10025 5048 1353 623 455 
7248 7075 3324 
10025 5048 1353 623 455 
8069 4017 3732 1500 601 
20470 
8069 4017 3732 1500 601 
20470 
8069 4017 3732 1500 601 
20470 
8069 4017 3732 1500 601 
20470 
8069 4017 3732 1500 601 
20470 
8069 4017 3732 1500 601 
20470 
8069 4017 3732 1500 601 
20470 
8069 4017 3732 1500 601 
20470 
8069 4017 3732 1500 601 
20470 
8069 4017 3732 1500 601 
20470 
16369 7071 4390 2480 1305 629 161 142 
16369 7071 4390 2480 1305 629 161 142 
16369 7071 4390 2480 1305 629 161 142 
16369 7071 4390 2480 1305 629 161 142 
16369 7071 4390 2480 1305 629 161 142 
16369 7071 4390 2480 1305 629 161 142 
16369 7071 4390 2480 1305 629 161 142 
16369 7071 4390 2480 1305 629 161 142 
16369 7071 4390 2480 1305 629 161 142 
16369 7071 4390 2480 1305 629 161 142 
12761 4347 2987 1299 887 559 129 
12761 4347 2987 1299 887 559 129 
12761 4347 2987 1299 887 559 129 
12761 4347 2987 1299 887 559 129 
12761 4347 2987 1299 887 559 129 
12761 4347 2987 1299 887 559 129 
12761 4347 2987 1299 887 559 129 
12761 4347 2987 1299 887 559 129 
12761 4347 2987 1299 887 559 129 
12761 4347 2987 1299 887 559 129 
8250 7121 5939 4116 3012 2486 904 894 286 180 
8250 7121 5939 4116 3012 2486 904 894 286 180 
8250 7121 5939 4116 3012 2486 904 894 286 180 
8250 7121 5939 4116 3012 2486 904 894 286 180 
8250 7121 5939 4116 3012 2486 904 894 286 180 
8250 7121 5939 4116 3012 2486 904 894 286 180 
8250 7121 5939 4116 3012 2486 904 894 286 180 
8250 7121 5939 4116 3012 2486 904 894 286 180 
8250 7121 5939 4116 3012 2486 904 894 286 180 
8250 7121 5939 4116 3012 2486 904 894 286 180 
32442 
32442 
32442 
32442 
32442 
32442 
32442 
32442 
32442 
32442 
13098 4204 2604 1727 1285 457 296 166 
13098 4204 2604 1727 1285 457 296 166 
13098 4204 2604 1727 1285 457 296 166 
13098 4204 2604 1727 1285 457 296 166 
13098 4204 2604 1727 1285 457 296 166 
13098 4204 2604 1727 1285 457 296 166 
13098 4204 2604 1727 1285 457 296 166 
13098 4204 2604 1727 1285 457 296 166 
13098 4204 2604 1727 1285 457 296 166 
13098 4204 2604 1727 1285 457 296 166 
29107 
29107 
29107 
29107 
29107 
29107 
29107 
29107 
29107 
29107 
32203 
32203 
32203 
32203 
32203 
32203 
32203 
32203 
32203 
32203 
17606 
20663 
17606 
20663 
17606 
20663 
17606 
20663 
17606 
20663 
17606 
20663 
17606 
20663 
17606 
20663 
17606 
20663 
17606 
20663 
23396 
23396 
23396 
23396 
23396 
23396 
23396 
23396 
23396 
23396 
8407 
8407 
8407 
8407 
8407 
8407 
8407 
8407 
8407 
8407 
9299 
9299 
9299 
9299 
9299 
9299 
9299 
9299 
9299 
9299 
10981 3484 2450 944 180 178 158 152 146 
10981 3484 2450 944 180 178 158 152 146 
10981 3484 2450 944 180 178 158 152 146 
10981 3484 2450 944 180 178 158 152 146 
10981 3484 2450 944 180 178 158 152 146 
10981 3484 2450 944 180 178 158 152 146 
10981 3484 2450 944 180 178 158 152 146 
10981 3484 2450 944 180 178 158 152 146 
10981 3484 2450 944 180 178 158 152 146 
10981 3484 2450 944 180 178 158 152 146 
10626 7064 3660 3110 549 
23488 974 454 
10626 7064 3660 3110 549 
23488 974 454 
10626 7064 3660 3110 549 
23488 974 454 
10626 7064 3660 3110 549 
23488 974 454 
10626 7064 3660 3110 549 
23488 974 454 
10626 7064 3660 3110 549 
23488 974 454 
10626 7064 3660 3110 549 
23488 974 454 
10626 7064 3660 3110 549 
23488 974 454 
10626 7064 3660 3110 549 
23488 974 454 
10626 7064 3660 3110 549 
23488 974 454 
9597 8037 5114 3166 1200 
33187 
9597 8037 5114 3166 1200 
33187 
9597 8037 5114 3166 1200 
33187 
9597 8037 5114 3166 1200 
33187 
9597 8037 5114 3166 1200 
33187 
9597 8037 5114 3166 1200 
33187 
9597 8037 5114 3166 1200 
33187 
9597 8037 5114 3166 1200 
33187 
9597 8037 5114 3166 1200 
33187 
9597 8037 5114 3166 1200 
33187 
17033 
19724 
17033 
19724 
17033 
19724 
17033 
19724 
17033 
19724 
17033 
19724 
17033 
19724 
17033 
19724 
17033 
19724 
17033 
19724 
33065 
33065 
33065 
33065 
33065 
33065 
33065 
33065 
33065 
33065 
21939 
26993 
21939 
26993 
21939 
26993 
21939 
26993 
21939 
26993 
21939 
26993 
21939 
26993 
21939 
26993 
21939 
26993 
21939 
26993 
9875 6162 3308 1931 708 
25156 
9875 6162 3308 1931 708 
25156 
9875 6162 3308 1931 708 
25156 
9875 6162 3308 1931 708 
25156 
9875 6162 3308 1931 708 
25156 
9875 6162 3308 1931 708 
25156 
9875 6162 3308 1931 708 
25156 
9875 6162 3308 1931 708 
25156 
9875 6162 3308 1931 708 
25156 
9875 6162 3308 1931 708 
25156 
12852 3917 2213 688 
23698 
12852 3917 2213 688 
23698 
12852 3917 2213 688 
23698 
12852 3917 2213 688 
23698 
12852 3917 2213 688 
23698 
12852 3917 2213 688 
23698 
12852 3917 2213 688 
23698 
12852 3917 2213 688 
23698 
12852 3917 2213 688 
23698 
12852 3917 2213 688 
23698 
23802 
31096 
23802 
31096 
23802 
31096 
23802 
31096 
23802 
31096 
23802 
31096 
23802 
31096 
23802 
31096 
23802 
31096 
23802 
31096 
18336 
23222 
18336 
23222 
18336 
23222 
18336 
23222 
18336 
23222 
18336 
23222 
18336 
23222 
18336 
23222 
18336 
23222 
18336 
23222 
19801 
24356 
19801 
24356 
19801 
24356 
19801 
24356 
19801 
24356 
19801 
24356 
19801 
24356 
19801 
24356 
19801 
24356 
19801 
24356 
28520 
30007 
28520 
30007 
28520 
30007 
28520 
30007 
28520 
30007 
28520 
30007 
28520 
30007 
28520 
30007 
28520 
30007 
28520 
30007 
11557 3276 1706 1035 
24002 
11557 3276 1706 1035 
24002 
11557 3276 1706 1035 
24002 
11557 3276 1706 1035 
24002 
11557 3276 1706 1035 
24002 
11557 3276 1706 1035 
24002 
11557 3276 1706 1035 
24002 
11557 3276 1706 1035 
24002 
11557 3276 1706 1035 
24002 
11557 3276 1706 1035 
24002 
11861 5077 2157 1856 188 
30338 
11861 5077 2157 1856 188 
30338 
11861 5077 2157 1856 188 
30338 
11861 5077 2157 1856 188 
30338 
11861 5077 2157 1856 188 
30338 
11861 5077 2157 1856 188 
30338 
11861 5077 2157 1856 188 
30338 
11861 5077 2157 1856 188 
30338 
11861 5077 2157 1856 188 
30338 
11861 5077 2157 1856 188 
30338 
11681 6962 3794 3472 2414 1990 1005 532 233 
11681 6962 3794 3472 2414 1990 1005 532 233 
11681 6962 3794 3472 2414 1990 1005 532 233 
11681 6962 3794 3472 2414 1990 1005 532 233 
11681 6962 3794 3472 2414 1990 1005 532 233 
11681 6962 3794 3472 2414 1990 1005 532 233 
11681 6962 3794 3472 2414 1990 1005 532 233 
11681 6962 3794 3472 2414 1990 1005 532 233 
11681 6962 3794 3472 2414 1990 1005 532 233 
11681 6962 3794 3472 2414 1990 1005 532 233 
20973 
23555 
20973 
23555 
20973 
23555 
20973 
23555 
20973 
23555 
20973 
23555 
20973 
23555 
20973 
23555 
20973 
23555 
20973 
23555 
11803 4476 2901 943 
12904 3786 2448 1338 
11803 4476 2901 943 
12904 3786 2448 1338 
11803 4476 2901 943 
12904 3786 2448 1338 
11803 4476 2901 943 
12904 3786 2448 1338 
11803 4476 2901 943 
12904 3786 2448 1338 
11803 4476 2901 943 
12904 3786 2448 1338 
11803 4476 2901 943 
12904 3786 2448 1338 
11803 4476 2901 943 
12904 3786 2448 1338 
11803 4476 2901 943 
12904 3786 2448 1338 
11803 4476 2901 943 
12904 3786 2448 1338 
8344 5159 2609 1543 
24377 
8344 5159 2609 1543 
24377 
8344 5159 2609 1543 
24377 
8344 5159 2609 1543 
24377 
8344 5159 2609 1543 
24377 
8344 5159 2609 1543 
24377 
8344 5159 2609 1543 
24377 
8344 5159 2609 1543 
24377 
8344 5159 2609 1543 
24377 
8344 5159 2609 1543 
24377 
15751 1583 1395 
18704 
15751 1583 1395 
18704 
15751 1583 1395 
18704 
15751 1583 1395 
18704 
15751 1583 1395 
18704 
15751 1583 1395 
18704 
15751 1583 1395 
18704 
15751 1583 1395 
18704 
15751 1583 1395 
18704 
15751 1583 1395 
18704 
19967 
21499 
19967 
21499 
19967 
21499 
19967 
21499 
19967 
21499 
19967 
21499 
19967 
21499 
19967 
21499 
19967 
21499 
19967 
21499 
17778 2254 822 
22557 
17778 2254 822 
22557 
17778 2254 822 
22557 
17778 2254 822 
22557 
17778 2254 822 
22557 
17778 2254 822 
22557 
17778 2254 822 
22557 
17778 2254 822 
22557 
17778 2254 822 
22557 
17778 2254 822 
22557 
27546 
29482 
27546 
29482 
27546 
29482 
27546 
29482 
27546 
29482 
27546 
29482 
27546 
29482 
27546 
29482 
27546 
29482 
27546 
29482 
14171 3557 1157 514 
22711 
14171 3557 1157 514 
22711 
14171 3557 1157 514 
22711 
14171 3557 1157 514 
22711 
14171 3557 1157 514 
22711 
14171 3557 1157 514 
22711 
14171 3557 1157 514 
22711 
14171 3557 1157 514 
22711 
14171 3557 1157 514 
22711 
14171 3557 1157 514 
22711 
19256 2034 481 
26937 
19256 2034 481 
26937 
19256 2034 481 
26937 
19256 2034 481 
26937 
19256 2034 481 
26937 
19256 2034 481 
26937 
19256 2034 481 
26937 
19256 2034 481 
26937 
19256 2034 481 
26937 
19256 2034 481 
26937 
15166 5591 3787 2609 1925 1296 858 
15166 5591 3787 2609 1925 1296 858 
15166 5591 3787 2609 1925 1296 858 
15166 5591 3787 2609 1925 1296 858 
15166 5591 3787 2609 1925 1296 858 
15166 5591 3787 2609 1925 1296 858 
15166 5591 3787 2609 1925 1296 858 
15166 5591 3787 2609 1925 1296 858 
15166 5591 3787 2609 1925 1296 858 
15166 5591 3787 2609 1925 1296 858 
23497 
25072 
23497 
25072 
23497 
25072 
23497 
25072 
23497 
25072 
23497 
25072 
23497 
25072 
23497 
25072 
23497 
25072 
23497 
25072 
10557 4040 2726 1332 272 
27459 
10557 4040 2726 1332 272 
27459 
10557 4040 2726 1332 272 
27459 
10557 4040 2726 1332 272 
27459 
10557 4040 2726 1332 272 
27459 
10557 4040 2726 1332 272 
27459 
10557 4040 2726 1332 272 
27459 
10557 4040 2726 1332 272 
27459 
10557 4040 2726 1332 272 
27459 
10557 4040 2726 1332 272 
27459 
10937 5360 3934 1459 825 
26209 
10937 5360 3934 1459 825 
26209 
10937 5360 3934 1459 825 
26209 
10937 5360 3934 1459 825 
26209 
10937 5360 3934 1459 825 
26209 
10937 5360 3934 1459 825 
26209 
10937 5360 3934 1459 825 
26209 
10937 5360 3934 1459 825 
26209 
10937 5360 3934 1459 825 
26209 
10937 5360 3934 1459 825 
26209 
17363 
20503 
17363 
20503 
17363 
20503 
17363 
20503 
17363 
20503 
17363 
20503 
17363 
20503 
17363 
20503 
17363 
20503 
17363 
20503 
22754 
28729 
22754 
28729 
22754 
28729 
22754 
28729 
22754 
28729 
22754 
28729 
22754 
28729 
22754 
28729 
22754 
28729 
22754 
28729 
9721 5027 4254 3327 1892 1134 987 371 
9721 5027 4254 3327 1892 1134 987 371 
9721 5027 4254 3327 1892 1134 987 371 
9721 5027 4254 3327 1892 1134 987 371 
9721 5027 4254 3327 1892 1134 987 371 
9721 5027 4254 3327 1892 1134 987 371 
9721 5027 4254 3327 1892 1134 987 371 
9721 5027 4254 3327 1892 1134 987 371 
9721 5027 4254 3327 1892 1134 987 371 
9721 5027 4254 3327 1892 1134 987 371 
12238 5563 2854 2081 802 
12512 4728 3566 1903 919 
12238 5563 2854 2081 802 
12512 4728 3566 1903 919 
12238 5563 2854 2081 802 
12512 4728 3566 1903 919 
12238 5563 2854 2081 802 
12512 4728 3566 1903 919 
12238 5563 2854 2081 802 
12512 4728 3566 1903 919 
12238 5563 2854 2081 802 
12512 4728 3566 1903 919 
12238 5563 2854 2081 802 
12512 4728 3566 1903 919 
12238 5563 2854 2081 802 
12512 4728 3566 1903 919 
12238 5563 2854 2081 802 
12512 4728 3566 1903 919 
12238 5563 2854 2081 802 
12512 4728 3566 1903 919 
14465 4712 3780 2845 2154 1165 1008 231 
14465 4712 3780 2845 2154 1165 1008 231 
14465 4712 3780 2845 2154 1165 1008 231 
14465 4712 3780 2845 2154 1165 1008 231 
14465 4712 3780 2845 2154 1165 1008 231 
14465 4712 3780 2845 2154 1165 1008 231 
14465 4712 3780 2845 2154 1165 1008 231 
14465 4712 3780 2845 2154 1165 1008 231 
14465 4712 3780 2845 2154 1165 1008 231 
14465 4712 3780 2845 2154 1165 1008 231 
17263 
22169 
17263 
22169 
17263 
22169 
17263 
22169 
17263 
22169 
17263 
22169 
17263 
22169 
17263 
22169 
17263 
22169 
17263 
22169 
19128 
29240 
19128 
29240 
19128 
29240 
19128 
29240 
19128 
29240 
19128 
29240 
19128 
29240 
19128 
29240 
19128 
29240 
19128 
29240 
6942 5551 2070 1227 946 
18976 
6942 5551 2070 1227 946 
18976 
6942 5551 2070 1227 946 
18976 
6942 5551 2070 1227 946 
18976 
6942 5551 2070 1227 946 
18976 
6942 5551 2070 1227 946 
18976 
6942 5551 2070 1227 946 
18976 
6942 5551 2070 1227 946 
18976 
6942 5551 2070 1227 946 
18976 
6942 5551 2070 1227 946 
18976 
8955 7034 4449 2399 1889 937 705 455 
8955 7034 4449 2399 1889 937 705 455 
8955 7034 4449 2399 1889 937 705 455 
8955 7034 4449 2399 1889 937 705 455 
8955 7034 4449 2399 1889 937 705 455 
8955 7034 4449 2399 1889 937 705 455 
8955 7034 4449 2399 1889 937 705 455 
8955 7034 4449 2399 1889 937 705 455 
8955 7034 4449 2399 1889 937 705 455 
8955 7034 4449 2399 1889 937 705 455 
20085 
27025 
20085 
27025 
20085 
27025 
20085 
27025 
20085 
27025 
20085 
27025 
20085 
27025 
20085 
27025 
20085 
27025 
20085 
27025 
17237 
23746 
17237 
23746 
17237 
23746 
17237 
23746 
17237 
23746 
17237 
23746 
17237 
23746 
17237 
23746 
17237 
23746 
17237 
23746 
14368 3157 2231 311 
22047 
14368 3157 2231 311 
22047 
14368 3157 2231 311 
22047 
14368 3157 2231 311 
22047 
14368 3157 2231 311 
22047 
14368 3157 2231 311 
22047 
14368 3157 2231 311 
22047 
14368 3157 2231 311 
22047 
14368 3157 2231 311 
22047 
14368 3157 2231 311 
22047 
14024 4863 3628 2497 1848 1459 923 830 
14024 4863 3628 2497 1848 1459 923 830 
14024 4863 3628 2497 1848 1459 923 830 
14024 4863 3628 2497 1848 1459 923 830 
14024 4863 3628 2497 1848 1459 923 830 
14024 4863 3628 2497 1848 1459 923 830 
14024 4863 3628 2497 1848 1459 923 830 
14024 4863 3628 2497 1848 1459 923 830 
14024 4863 3628 2497 1848 1459 923 830 
14024 4863 3628 2497 1848 1459 923 830 
7713 6680 3344 1069 683 
14044 3886 1056 324 
7713 6680 3344 1069 683 
14044 3886 1056 324 
7713 6680 3344 1069 683 
14044 3886 1056 324 
7713 6680 3344 1069 683 
14044 3886 1056 324 
7713 6680 3344 1069 683 
14044 3886 1056 324 
7713 6680 3344 1069 683 
14044 3886 1056 324 
7713 6680 3344 1069 683 
14044 3886 1056 324 
7713 6680 3344 1069 683 
14044 3886 1056 324 
7713 6680 3344 1069 683 
14044 3886 1056 324 
7713 6680 3344 1069 683 
14044 3886 1056 324 
19933 
21673 
19933 
21673 
19933 
21673 
19933 
21673 
19933 
21673 
19933 
21673 
19933 
21673 
19933 
21673 
19933 
21673 
19933 
21673 
14057 4592 1932 210 
19662 851 401 
14057 4592 1932 210 
19662 851 401 
14057 4592 1932 210 
19662 851 401 
14057 4592 1932 210 
19662 851 401 
14057 4592 1932 210 
19662 851 401 
14057 4592 1932 210 
19662 851 401 
14057 4592 1932 210 
19662 851 401 
14057 4592 1932 210 
19662 851 401 
14057 4592 1932 210 
19662 851 401 
14057 4592 1932 210 
19662 851 401 
15028 2563 1882 1524 809 596 309 
15028 2563 1882 1524 809 596 309 
15028 2563 1882 1524 809 596 309 
15028 2563 1882 1524 809 596 309 
15028 2563 1882 1524 809 596 309 
15028 2563 1882 1524 809 596 309 
15028 2563 1882 1524 809 596 309 
15028 2563 1882 1524 809 596 309 
15028 2563 1882 1524 809 596 309 
15028 2563 1882 1524 809 596 309 
13932 6768 5408 3243 2168 1133 865 475 
13932 6768 5408 3243 2168 1133 865 475 
13932 6768 5408 3243 2168 1133 865 475 
13932 6768 5408 3243 2168 1133 865 475 
13932 6768 5408 3243 2168 1133 865 475 
13932 6768 5408 3243 2168 1133 865 475 
13932 6768 5408 3243 2168 1133 865 475 
13932 6768 5408 3243 2168 1133 865 475 
13932 6768 5408 3243 2168 1133 865 475 
13932 6768 5408 3243 2168 1133 865 475 
27988 
27988 
27988 
27988 
27988 
27988 
27988 
27988 
27988 
27988 
9719 4927 2882 1533 584 
25783 
9719 4927 2882 1533 584 
25783 
9719 4927 2882 1533 584 
25783 
9719 4927 2882 1533 584 
25783 
9719 4927 2882 1533 584 
25783 
9719 4927 2882 1533 584 
25783 
9719 4927 2882 1533 584 
25783 
9719 4927 2882 1533 584 
25783 
9719 4927 2882 1533 584 
25783 
9719 4927 2882 1533 584 
25783 
20037 
22920 
20037 
22920 
20037 
22920 
20037 
22920 
20037 
22920 
20037 
22920 
20037 
22920 
20037 
22920 
20037 
22920 
20037 
22920 
25235 
32233 
25235 
32233 
25235 
32233 
25235 
32233 
25235 
32233 
25235 
32233 
25235 
32233 
25235 
32233 
25235 
32233 
25235 
32233 
21798 
24009 
21798 
24009 
21798 
24009 
21798 
24009 
21798 
24009 
21798 
24009 
21798 
24009 
21798 
24009 
21798 
24009 
21798 
24009 
11971 7331 7011 3132 1995 1323 435 256 133 
11971 7331 7011 3132 1995 1323 435 256 133 
11971 7331 7011 3132 1995 1323 435 256 133 
11971 7331 7011 3132 1995 1323 435 256 133 
11971 7331 7011 3132 1995 1323 435 256 133 
11971 7331 7011 3132 1995 1323 435 256 133 
11971 7331 7011 3132 1995 1323 435 256 133 
11971 7331 7011 3132 1995 1323 435 256 133 
11971 7331 7011 3132 1995 1323 435 256 133 
11971 7331 7011 3132 1995 1323 435 256 133 
20437 
30448 
20437 
30448 
20437 
30448 
20437 
30448 
20437 
30448 
20437 
30448 
20437 
30448 
20437 
30448 
20437 
30448 
20437 
30448 
15335 1846 780 
21770 
15335 1846 780 
21770 
15335 1846 780 
21770 
15335 1846 780 
21770 
15335 1846 780 
21770 
15335 1846 780 
21770 
15335 1846 780 
21770 
15335 1846 780 
21770 
15335 1846 780 
21770 
15335 1846 780 
21770 
9542 6185 3815 2440 458 
13172 4699 3179 1497 
9542 6185 3815 2440 458 
13172 4699 3179 1497 
9542 6185 3815 2440 458 
13172 4699 3179 1497 
9542 6185 3815 2440 458 
13172 4699 3179 1497 
9542 6185 3815 2440 458 
13172 4699 3179 1497 
9542 6185 3815 2440 458 
13172 4699 3179 1497 
9542 6185 3815 2440 458 
13172 4699 3179 1497 
9542 6185 3815 2440 458 
13172 4699 3179 1497 
9542 6185 3815 2440 458 
13172 4699 3179 1497 
9542 6185 3815 2440 458 
13172 4699 3179 1497 
8371 7194 2053 1649 
24378 
8371 7194 2053 1649 
24378 
8371 7194 2053 1649 
24378 
8371 7194 2053 1649 
24378 
8371 7194 2053 1649 
24378 
8371 7194 2053 1649 
24378 
8371 7194 2053 1649 
24378 
8371 7194 2053 1649 
24378 
8371 7194 2053 1649 
24378 
8371 7194 2053 1649 
24378 
19108 
32361 
19108 
32361 
19108 
32361 
19108 
32361 
19108 
32361 
19108 
32361 
19108 
32361 
19108 
32361 
19108 
32361 
19108 
32361 
13299 4324 2795 2366 1272 765 734 247 
13299 4324 2795 2366 1272 765 734 247 
13299 4324 2795 2366 1272 765 734 247 
13299 4324 2795 2366 1272 765 734 247 
13299 4324 2795 2366 1272 765 734 247 
13299 4324 2795 2366 1272 765 734 247 
13299 4324 2795 2366 1272 765 734 247 
13299 4324 2795 2366 1272 765 734 247 
13299 4324 2795 2366 1272 765 734 247 
13299 4324 2795 2366 1272 765 734 247 
15810 6329 4218 1963 1175 868 425 81 
15810 6329 4218 1963 1175 868 425 81 
15810 6329 4218 1963 1175 868 425 81 
15810 6329 4218 1963 1175 868 425 81 
15810 6329 4218 1963 1175 868 425 81 
15810 6329 4218 1963 1175 868 425 81 
15810 6329 4218 1963 1175 868 425 81 
15810 6329 4218 1963 1175 868 425 81 
15810 6329 4218 1963 1175 868 425 81 
15810 6329 4218 1963 1175 868 425 81 
6174 5362 4236 2980 1213 
23965 
6174 5362 4236 2980 1213 
23965 
6174 5362 4236 2980 1213 
23965 
6174 5362 4236 2980 1213 
23965 
6174 5362 4236 2980 1213 
23965 
6174 5362 4236 2980 1213 
23965 
6174 5362 4236 2980 1213 
23965 
6174 5362 4236 2980 1213 
23965 
6174 5362 4236 2980 1213 
23965 
6174 5362 4236 2980 1213 
23965 
19182 
27819 
19182 
27819 
19182 
27819 
19182 
27819 
19182 
27819 
19182 
27819 
19182 
27819 
19182 
27819 
19182 
27819 
19182 
27819 
5317 5080 4242 1914 628 
17632 
5317 5080 4242 1914 628 
17632 
5317 5080 4242 1914 628 
17632 
5317 5080 4242 1914 628 
17632 
5317 5080 4242 1914 628 
17632 
5317 5080 4242 1914 628 
17632 
5317 5080 4242 1914 628 
17632 
5317 5080 4242 1914 628 
17632 
5317 5080 4242 1914 628 
17632 
5317 5080 4242 1914 628 
17632 
7906 4853 2350 1832 610 
21237 
7906 4853 2350 1832 610 
21237 
7906 4853 2350 1832 610 
21237 
7906 4853 2350 1832 610 
21237 
7906 4853 2350 1832 610 
21237 
7906 4853 2350 1832 610 
21237 
7906 4853 2350 1832 610 
21237 
7906 4853 2350 1832 610 
21237 
7906 4853 2350 1832 610 
21237 
7906 4853 2350 1832 610 
21237 
13237 6490 4310 2716 1976 1178 593 169 
13237 6490 4310 2716 1976 1178 593 169 
13237 6490 4310 2716 1976 1178 593 169 
13237 6490 4310 2716 1976 1178 593 169 
13237 6490 4310 2716 1976 1178 593 169 
13237 6490 4310 2716 1976 1178 593 169 
13237 6490 4310 2716 1976 1178 593 169 
13237 6490 4310 2716 1976 1178 593 169 
13237 6490 4310 2716 1976 1178 593 169 
13237 6490 4310 2716 1976 1178 593 169 
8337 8009 3574 2976 
28972 
8337 8009 3574 2976 
28972 
8337 8009 3574 2976 
28972 
8337 8009 3574 2976 
28972 
8337 8009 3574 2976 
28972 
8337 8009 3574 2976 
28972 
8337 8009 3574 2976 
28972 
8337 8009 3574 2976 
28972 
8337 8009 3574 2976 
28972 
8337 8009 3574 2976 
28972 
23210 
23983 
23210 
23983 
23210 
23983 
23210 
23983 
23210 
23983 
23210 
23983 
23210 
23983 
23210 
23983 
23210 
23983 
23210 
23983 
11719 6265 5122 3715 2229 1819 1333 954 251 
11719 6265 5122 3715 2229 1819 1333 954 251 
11719 6265 5122 3715 2229 1819 1333 954 251 
11719 6265 5122 3715 2229 1819 1333 954 251 
11719 6265 5122 3715 2229 1819 1333 954 251 
11719 6265 5122 3715 2229 1819 1333 954 251 
11719 6265 5122 3715 2229 1819 1333 954 251 
11719 6265 5122 3715 2229 1819 1333 954 251 
11719 6265 5122 3715 2229 1819 1333 954 251 
11719 6265 5122 3715 2229 1819 1333 954 251 
7451 6031 3989 1169 299 
19757 
7451 6031 3989 1169 299 
19757 
7451 6031 3989 1169 299 
19757 
7451 6031 3989 1169 299 
19757 
7451 6031 3989 1169 299 
19757 
7451 6031 3989 1169 299 
19757 
7451 6031 3989 1169 299 
19757 
7451 6031 3989 1169 299 
19757 
7451 6031 3989 1169 299 
19757 
7451 6031 3989 1169 299 
19757 
8817 5821 3556 2554 705 
17049 2907 1277 372 
8817 5821 3556 2554 705 
17049 2907 1277 372 
8817 5821 3556 2554 705 
17049 2907 1277 372 
8817 5821 3556 2554 705 
17049 2907 1277 372 
8817 5821 3556 2554 705 
17049 2907 1277 372 
8817 5821 3556 2554 705 
17049 2907 1277 372 
8817 5821 3556 2554 705 
17049 2907 1277 372 
8817 5821 3556 2554 705 
17049 2907 1277 372 
8817 5821 3556 2554 705 
17049 2907 1277 372 
8817 5821 3556 2554 705 
17049 2907 1277 372 
13781 3856 1972 1040 
10050 5765 3435 1648 
13781 3856 1972 1040 
10050 5765 3435 1648 
13781 3856 1972 1040 
10050 5765 3435 1648 
13781 3856 1972 1040 
10050 5765 3435 1648 
13781 3856 1972 1040 
10050 5765 3435 1648 
13781 3856 1972 1040 
10050 5765 3435 1648 
13781 3856 1972 1040 
10050 5765 3435 1648 
13781 3856 1972 1040 
10050 5765 3435 1648 
13781 3856 1972 1040 
10050 5765 3435 1648 
13781 3856 1972 1040 
10050 5765 3435 1648 
8367 6203 3818 2132 1087 
24603 
8367 6203 3818 2132 1087 
24603 
8367 6203 3818 2132 1087 
24603 
8367 6203 3818 2132 1087 
24603 
8367 6203 3818 2132 1087 
24603 
8367 6203 3818 2132 1087 
24603 
8367 6203 3818 2132 1087 
24603 
8367 6203 3818 2132 1087 
24603 
8367 6203 3818 2132 1087 
24603 
8367 6203 3818 2132 1087 
24603 
25489 
30168 
25489 
30168 
25489 
30168 
25489 
30168 
25489 
30168 
25489 
30168 
25489 
30168 
25489 
30168 
25489 
30168 
25489 
30168 
19447 
23252 
19447 
23252 
19447 
23252 
19447 
23252 
19447 
23252 
19447 
23252 
19447 
23252 
19447 
23252 
19447 
23252 
19447 
23252 
10327 4789 3785 2341 1766 1287 1048 644 
10327 4789 3785 2341 1766 1287 1048 644 
10327 4789 3785 2341 1766 1287 1048 644 
10327 4789 3785 2341 1766 1287 1048 644 
10327 4789 3785 2341 1766 1287 1048 644 
10327 4789 3785 2341 1766 1287 1048 644 
10327 4789 3785 2341 1766 1287 1048 644 
10327 4789 3785 2341 1766 1287 1048 644 
10327 4789 3785 2341 1766 1287 1048 644 
10327 4789 3785 2341 1766 1287 1048 644 
7433 3521 2135 1449 989 
24554 
7433 3521 2135 1449 989 
24554 
7433 3521 2135 1449 989 
24554 
7433 3521 2135 1449 989 
24554 
7433 3521 2135 1449 989 
24554 
7433 3521 2135 1449 989 
24554 
7433 3521 2135 1449 989 
24554 
7433 3521 2135 1449 989 
24554 
7433 3521 2135 1449 989 
24554 
7433 3521 2135 1449 989 
24554 
8521 4376 3145 2040 411 
7311 5500 3286 1576 1151 
8521 4376 3145 2040 411 
7311 5500 3286 1576 1151 
8521 4376 3145 2040 411 
7311 5500 3286 1576 1151 
8521 4376 3145 2040 411 
7311 5500 3286 1576 1151 
8521 4376 3145 2040 411 
7311 5500 3286 1576 1151 
8521 4376 3145 2040 411 
7311 5500 3286 1576 1151 
8521 4376 3145 2040 411 
7311 5500 3286 1576 1151 
8521 4376 3145 2040 411 
7311 5500 3286 1576 1151 
8521 4376 3145 2040 411 
7311 5500 3286 1576 1151 
8521 4376 3145 2040 411 
7311 5500 3286 1576 1151 
8179 6789 5239 3752 2408 1739 1083 965 
8179 6789 5239 3752 2408 1739 1083 965 
8179 6789 5239 3752 2408 1739 1083 965 
8179 6789 5239 3752 2408 1739 1083 965 
8179 6789 5239 3752 2408 1739 1083 965 
8179 6789 5239 3752 2408 1739 1083 965 
8179 6789 5239 3752 2408 1739 1083 965 
8179 6789 5239 3752 2408 1739 1083 965 
8179 6789 5239 3752 2408 1739 1083 965 
8179 6789 5239 3752 2408 1739 1083 965 
15500 4690 3011 1816 1330 681 550 85 
15500 4690 3011 1816 1330 681 550 85 
15500 4690 3011 1816 1330 681 550 85 
15500 4690 3011 1816 1330 681 550 85 
15500 4690 3011 1816 1330 681 550 85 
15500 4690 3011 1816 1330 681 550 85 
15500 4690 3011 1816 1330 681 550 85 
15500 4690 3011 1816 1330 681 550 85 
15500 4690 3011 1816 1330 681 550 85 
15500 4690 3011 1816 1330 681 550 85 
10130 8346 6123 1873 1509 812 621 334 156 
10130 8346 6123 1873 1509 812 621 334 156 
10130 8346 6123 1873 1509 812 621 334 156 
10130 8346 6123 1873 1509 812 621 334 156 
10130 8346 6123 1873 1509 812 621 334 156 
10130 8346 6123 1873 1509 812 621 334 156 
10130 8346 6123 1873 1509 812 621 334 156 
10130 8346 6123 1873 1509 812 621 334 156 
10130 8346 6123 1873 1509 812 621 334 156 
10130 8346 6123 1873 1509 812 621 334 156 
5913 3925 3074 1641 1062 651 231 197 179 
5913 3925 3074 1641 1062 651 231 197 179 
5913 3925 3074 1641 1062 651 231 197 179 
5913 3925 3074 1641 1062 651 231 197 179 
5913 3925 3074 1641 1062 651 231 197 179 
5913 3925 3074 1641 1062 651 231 197 179 
5913 3925 3074 1641 1062 651 231 197 179 
5913 3925 3074 1641 1062 651 231 197 179 
5913 3925 3074 1641 1062 651 231 197 179 
5913 3925 3074 1641 1062 651 231 197 179 
9584 8999 5881 2770 2388 1380 887 197 113 
9584 8999 5881 2770 2388 1380 887 197 113 
9584 8999 5881 2770 2388 1380 887 197 113 
9584 8999 5881 2770 2388 1380 887 197 113 
9584 8999 5881 2770 2388 1380 887 197 113 
9584 8999 5881 2770 2388 1380 887 197 113 
9584 8999 5881 2770 2388 1380 887 197 113 
9584 8999 5881 2770 2388 1380 887 197 113 
9584 8999 5881 2770 2388 1380 887 197 113 
9584 8999 5881 2770 2388 1380 887 197 113 
23308 
26489 
23308 
26489 
23308 
26489 
23308 
26489 
23308 
26489 
23308 
26489 
23308 
26489 
23308 
26489 
23308 
26489 
23308 
26489 
19840 
23864 
19840 
23864 
19840 
23864 
19840 
23864 
19840 
23864 
19840 
23864 
19840 
23864 
19840 
23864 
19840 
23864 
19840 
23864 
10155 5333 2169 1211 673 
31407 
10155 5333 2169 1211 673 
31407 
10155 5333 2169 1211 673 
31407 
10155 5333 2169 1211 673 
31407 
10155 5333 2169 1211 673 
31407 
10155 5333 2169 1211 673 
31407 
10155 5333 2169 1211 673 
31407 
10155 5333 2169 1211 673 
31407 
10155 5333 2169 1211 673 
31407 
10155 5333 2169 1211 673 
31407 
30074 
30074 
30074 
30074 
30074 
30074 
30074 
30074 
30074 
30074 
19021 
31563 
19021 
31563 
19021 
31563 
19021 
31563 
19021 
31563 
19021 
31563 
19021 
31563 
19021 
31563 
19021 
31563 
19021 
31563 
30989 
30989 
30989 
30989 
30989 
30989 
30989 
30989 
30989 
30989 
9970 6673 4401 2657 1803 1394 981 663 325 
9970 6673 4401 2657 1803 1394 981 663 325 
9970 6673 4401 2657 1803 1394 981 663 325 
9970 6673 4401 2657 1803 1394 981 663 325 
9970 6673 4401 2657 1803 1394 981 663 325 
9970 6673 4401 2657 1803 1394 981 663 325 
9970 6673 4401 2657 1803 1394 981 663 325 
9970 6673 4401 2657 1803 1394 981 663 325 
9970 6673 4401 2657 1803 1394 981 663 325 
9970 6673 4401 2657 1803 1394 981 663 325 
17086 2633 1947 1344 865 140 113 
17086 2633 1947 1344 865 140 113 
17086 2633 1947 1344 865 140 113 
17086 2633 1947 1344 865 140 113 
17086 2633 1947 1344 865 140 113 
17086 2633 1947 1344 865 140 113 
17086 2633 1947 1344 865 140 113 
17086 2633 1947 1344 865 140 113 
17086 2633 1947 1344 865 140 113 
17086 2633 1947 1344 865 140 113 
8255 7672 3100 2197 1354 767 191 172 
8255 7672 3100 2197 1354 767 191 172 
8255 7672 3100 2197 1354 767 191 172 
8255 7672 3100 2197 1354 767 191 172 
8255 7672 3100 2197 1354 767 191 172 
8255 7672 3100 2197 1354 767 191 172 
8255 7672 3100 2197 1354 767 191 172 
8255 7672 3100 2197 1354 767 191 172 
8255 7672 3100 2197 1354 767 191 172 
8255 7672 3100 2197 1354 767 191 172 
18288 
21860 
18288 
21860 
18288 
21860 
18288 
21860 
18288 
21860 
18288 
21860 
18288 
21860 
18288 
21860 
18288 
21860 
18288 
21860 
10987 3514 2379 1181 925 
29978 
10987 3514 2379 1181 925 
29978 
10987 3514 2379 1181 925 
29978 
10987 3514 2379 1181 925 
29978 
10987 3514 2379 1181 925 
29978 
10987 3514 2379 1181 925 
29978 
10987 3514 2379 1181 925 
29978 
10987 3514 2379 1181 925 
29978 
10987 3514 2379 1181 925 
29978 
10987 3514 2379 1181 925 
29978 
24051 2764 1720 1204 581 263 186 
24051 2764 1720 1204 581 263 186 
24051 2764 1720 1204 581 263 186 
24051 2764 1720 1204 581 263 186 
24051 2764 1720 1204 581 263 186 
24051 2764 1720 1204 581 263 186 
24051 2764 1720 1204 581 263 186 
24051 2764 1720 1204 581 263 186 
24051 2764 1720 1204 581 263 186 
24051 2764 1720 1204 581 263 186 
10667 5250 2314 1510 410 
24012 
10667 5250 2314 1510 410 
24012 
10667 5250 2314 1510 410 
24012 
10667 5250 2314 1510 410 
24012 
10667 5250 2314 1510 410 
24012 
10667 5250 2314 1510 410 
24012 
10667 5250 2314 1510 410 
24012 
10667 5250 2314 1510 410 
24012 
10667 5250 2314 1510 410 
24012 
10667 5250 2314 1510 410 
24012 
30060 
30060 
30060 
30060 
30060 
30060 
30060 
30060 
30060 
30060 
6715 4046 2438 1972 1530 960 365 223 178 
6715 4046 2438 1972 1530 960 365 223 178 
6715 4046 2438 1972 1530 960 365 223 178 
6715 4046 2438 1972 1530 960 365 223 178 
6715 4046 2438 1972 1530 960 365 223 178 
6715 4046 2438 1972 1530 960 365 223 178 
6715 4046 2438 1972 1530 960 365 223 178 
6715 4046 2438 1972 1530 960 365 223 178 
6715 4046 2438 1972 1530 960 365 223 178 
6715 4046 2438 1972 1530 960 365 223 178 
22754 
22754 
22754 
22754 
22754 
22754 
22754 
22754 
22754 
22754 
15806 1346 339 179 
22247 
15806 1346 339 179 
22247 
15806 1346 339 179 
22247 
15806 1346 339 179 
22247 
15806 1346 339 179 
22247 
15806 1346 339 179 
22247 
15806 1346 339 179 
22247 
15806 1346 339 179 
22247 
15806 1346 339 179 
22247 
15806 1346 339 179 
22247 
9985 6215 5403 4586 2540 2025 1252 801 179 
9985 6215 5403 4586 2540 2025 1252 801 179 
9985 6215 5403 4586 2540 2025 1252 801 179 
9985 6215 5403 4586 2540 2025 1252 801 179 
9985 6215 5403 4586 2540 2025 1252 801 179 
9985 6215 5403 4586 2540 2025 1252 801 179 
9985 6215 5403 4586 2540 2025 1252 801 179 
9985 6215 5403 4586 2540 2025 1252 801 179 
9985 6215 5403 4586 2540 2025 1252 801 179 
9985 6215 5403 4586 2540 2025 1252 801 179 
23010 1378 882 
25954 
23010 1378 882 
25954 
23010 1378 882 
25954 
23010 1378 882 
25954 
23010 1378 882 
25954 
23010 1378 882 
25954 
23010 1378 882 
25954 
23010 1378 882 
25954 
23010 1378 882 
25954 
23010 1378 882 
25954 
27487 
27487 
27487 
27487 
27487 
27487 
27487 
27487 
27487 
27487 
16224 
24481 
16224 
24481 
16224 
24481 
16224 
24481 
16224 
24481 
16224 
24481 
16224 
24481 
16224 
24481 
16224 
24481 
16224 
24481 
21151 
25742 
21151 
25742 
21151 
25742 
21151 
25742 
21151 
25742 
21151 
25742 
21151 
25742 
21151 
25742 
21151 
25742 
21151 
25742 
11612 4643 1575 767 
21376 
11612 4643 1575 767 
21376 
11612 4643 1575 767 
21376 
11612 4643 1575 767 
21376 
11612 4643 1575 767 
21376 
11612 4643 1575 767 
21376 
11612 4643 1575 767 
21376 
11612 4643 1575 767 
21376 
11612 4643 1575 767 
21376 
11612 4643 1575 767 
21376 
29172 
29172 
29172 
29172 
29172 
29172 
29172 
29172 
29172 
29172 
14058 3397 2814 2168 1525 888 271 195 141 
14058 3397 2814 2168 1525 888 271 195 141 
14058 3397 2814 2168 1525 888 271 195 141 
14058 3397 2814 2168 1525 888 271 195 141 
14058 3397 2814 2168 1525 888 271 195 141 
14058 3397 2814 2168 1525 888 271 195 141 
14058 3397 2814 2168 1525 888 271 195 141 
14058 3397 2814 2168 1525 888 271 195 141 
14058 3397 2814 2168 1525 888 271 195 141 
14058 3397 2814 2168 1525 888 271 195 141 
21067 
26779 
21067 
26779 
