12777 1033 521 322 
18014 
12777 1033 521 322 
18014 
12777 1033 521 322 
18014 
12777 1033 521 322 
18014 
12777 1033 521 322 
18014 
12777 1033 521 322 
18014 
12777 1033 521 322 
18014 
12777 1033 521 322 
18014 
12777 1033 521 322 
18014 
12777 1033 521 322 
18014 
7717 5480 4782 3092 2142 914 557 545 325 
7717 5480 4782 3092 2142 914 557 545 325 
7717 5480 4782 3092 2142 914 557 545 325 
7717 5480 4782 3092 2142 914 557 545 325 
7717 5480 4782 3092 2142 914 557 545 325 
7717 5480 4782 3092 2142 914 557 545 325 
7717 5480 4782 3092 2142 914 557 545 325 
7717 5480 4782 3092 2142 914 557 545 325 
7717 5480 4782 3092 2142 914 557 545 325 
7717 5480 4782 3092 2142 914 557 545 325 
4873 4696 3084 2150 1517 1169 851 398 190 
4873 4696 3084 2150 1517 1169 851 398 190 
4873 4696 3084 2150 1517 1169 851 398 190 
4873 4696 3084 2150 1517 1169 851 398 190 
4873 4696 3084 2150 1517 1169 851 398 190 
4873 4696 3084 2150 1517 1169 851 398 190 
4873 4696 3084 2150 1517 1169 851 398 190 
4873 4696 3084 2150 1517 1169 851 398 190 
4873 4696 3084 2150 1517 1169 851 398 190 
4873 4696 3084 2150 1517 1169 851 398 190 
17834 4049 3326 1442 972 410 200 
17834 4049 3326 1442 972 410 200 
17834 4049 3326 1442 972 410 200 
17834 4049 3326 1442 972 410 200 
17834 4049 3326 1442 972 410 200 
17834 4049 3326 1442 972 410 200 
17834 4049 3326 1442 972 410 200 
17834 4049 3326 1442 972 410 200 
17834 4049 3326 1442 972 410 200 
17834 4049 3326 1442 972 410 200 
15122 6584 3469 2315 1383 797 346 234 
15122 6584 3469 2315 1383 797 346 234 
15122 6584 3469 2315 1383 797 346 234 
15122 6584 3469 2315 1383 797 346 234 
15122 6584 3469 2315 1383 797 346 234 
15122 6584 3469 2315 1383 797 346 234 
15122 6584 3469 2315 1383 797 346 234 
15122 6584 3469 2315 1383 797 346 234 
15122 6584 3469 2315 1383 797 346 234 
15122 6584 3469 2315 1383 797 346 234 
9847 3587 2570 2064 1010 808 625 366 
9847 3587 2570 2064 1010 808 625 366 
9847 3587 2570 2064 1010 808 625 366 
9847 3587 2570 2064 1010 808 625 366 
9847 3587 2570 2064 1010 808 625 366 
9847 3587 2570 2064 1010 808 625 366 
9847 3587 2570 2064 1010 808 625 366 
9847 3587 2570 2064 1010 808 625 366 
9847 3587 2570 2064 1010 808 625 366 
9847 3587 2570 2064 1010 808 625 366 
12153 6350 5481 3272 2269 994 977 712 
12153 6350 5481 3272 2269 994 977 712 
12153 6350 5481 3272 2269 994 977 712 
12153 6350 5481 3272 2269 994 977 712 
12153 6350 5481 3272 2269 994 977 712 
12153 6350 5481 3272 2269 994 977 712 
12153 6350 5481 3272 2269 994 977 712 
12153 6350 5481 3272 2269 994 977 712 
12153 6350 5481 3272 2269 994 977 712 
12153 6350 5481 3272 2269 994 977 712 
7553 6059 4138 3340 2621 2158 1754 1068 852 652 
7553 6059 4138 3340 2621 2158 1754 1068 852 652 
7553 6059 4138 3340 2621 2158 1754 1068 852 652 
7553 6059 4138 3340 2621 2158 1754 1068 852 652 
7553 6059 4138 3340 2621 2158 1754 1068 852 652 
7553 6059 4138 3340 2621 2158 1754 1068 852 652 
7553 6059 4138 3340 2621 2158 1754 1068 852 652 
7553 6059 4138 3340 2621 2158 1754 1068 852 652 
7553 6059 4138 3340 2621 2158 1754 1068 852 652 
7553 6059 4138 3340 2621 2158 1754 1068 852 652 
24260 993 791 351 131 
24260 993 791 351 131 
24260 993 791 351 131 
24260 993 791 351 131 
24260 993 791 351 131 
24260 993 791 351 131 
24260 993 791 351 131 
24260 993 791 351 131 
24260 993 791 351 131 
24260 993 791 351 131 
7790 6509 4981 3355 2998 1726 1419 485 414 223 
7790 6509 4981 3355 2998 1726 1419 485 414 223 
7790 6509 4981 3355 2998 1726 1419 485 414 223 
7790 6509 4981 3355 2998 1726 1419 485 414 223 
7790 6509 4981 3355 2998 1726 1419 485 414 223 
7790 6509 4981 3355 2998 1726 1419 485 414 223 
7790 6509 4981 3355 2998 1726 1419 485 414 223 
7790 6509 4981 3355 2998 1726 1419 485 414 223 
7790 6509 4981 3355 2998 1726 1419 485 414 223 
7790 6509 4981 3355 2998 1726 1419 485 414 223 
22558 4391 2456 1346 971 648 441 183 
22558 4391 2456 1346 971 648 441 183 
22558 4391 2456 1346 971 648 441 183 
22558 4391 2456 1346 971 648 441 183 
22558 4391 2456 1346 971 648 441 183 
22558 4391 2456 1346 971 648 441 183 
22558 4391 2456 1346 971 648 441 183 
22558 4391 2456 1346 971 648 441 183 
22558 4391 2456 1346 971 648 441 183 
22558 4391 2456 1346 971 648 441 183 
13548 7704 2755 1579 1257 667 440 331 
13548 7704 2755 1579 1257 667 440 331 
13548 7704 2755 1579 1257 667 440 331 
13548 7704 2755 1579 1257 667 440 331 
13548 7704 2755 1579 1257 667 440 331 
13548 7704 2755 1579 1257 667 440 331 
13548 7704 2755 1579 1257 667 440 331 
13548 7704 2755 1579 1257 667 440 331 
13548 7704 2755 1579 1257 667 440 331 
13548 7704 2755 1579 1257 667 440 331 
15736 6632 4521 2838 1168 949 350 177 
15736 6632 4521 2838 1168 949 350 177 
15736 6632 4521 2838 1168 949 350 177 
15736 6632 4521 2838 1168 949 350 177 
15736 6632 4521 2838 1168 949 350 177 
15736 6632 4521 2838 1168 949 350 177 
15736 6632 4521 2838 1168 949 350 177 
15736 6632 4521 2838 1168 949 350 177 
15736 6632 4521 2838 1168 949 350 177 
15736 6632 4521 2838 1168 949 350 177 
8252 5720 3962 2606 1319 901 393 304 
8252 5720 3962 2606 1319 901 393 304 
8252 5720 3962 2606 1319 901 393 304 
8252 5720 3962 2606 1319 901 393 304 
8252 5720 3962 2606 1319 901 393 304 
8252 5720 3962 2606 1319 901 393 304 
8252 5720 3962 2606 1319 901 393 304 
8252 5720 3962 2606 1319 901 393 304 
8252 5720 3962 2606 1319 901 393 304 
8252 5720 3962 2606 1319 901 393 304 
13824 8313 3387 2679 1856 1261 399 392 211 
13824 8313 3387 2679 1856 1261 399 392 211 
13824 8313 3387 2679 1856 1261 399 392 211 
13824 8313 3387 2679 1856 1261 399 392 211 
13824 8313 3387 2679 1856 1261 399 392 211 
13824 8313 3387 2679 1856 1261 399 392 211 
13824 8313 3387 2679 1856 1261 399 392 211 
13824 8313 3387 2679 1856 1261 399 392 211 
13824 8313 3387 2679 1856 1261 399 392 211 
13824 8313 3387 2679 1856 1261 399 392 211 
12801 5438 3981 1826 1359 883 446 267 140 
12801 5438 3981 1826 1359 883 446 267 140 
12801 5438 3981 1826 1359 883 446 267 140 
12801 5438 3981 1826 1359 883 446 267 140 
12801 5438 3981 1826 1359 883 446 267 140 
12801 5438 3981 1826 1359 883 446 267 140 
12801 5438 3981 1826 1359 883 446 267 140 
12801 5438 3981 1826 1359 883 446 267 140 
12801 5438 3981 1826 1359 883 446 267 140 
12801 5438 3981 1826 1359 883 446 267 140 
23855 2528 1561 1141 744 473 296 
23855 2528 1561 1141 744 473 296 
23855 2528 1561 1141 744 473 296 
23855 2528 1561 1141 744 473 296 
23855 2528 1561 1141 744 473 296 
23855 2528 1561 1141 744 473 296 
23855 2528 1561 1141 744 473 296 
23855 2528 1561 1141 744 473 296 
23855 2528 1561 1141 744 473 296 
23855 2528 1561 1141 744 473 296 
26838 367 174 
26838 367 174 
26838 367 174 
26838 367 174 
26838 367 174 
26838 367 174 
26838 367 174 
26838 367 174 
26838 367 174 
26838 367 174 
6258 5049 3928 3084 2170 1605 899 438 284 
6258 5049 3928 3084 2170 1605 899 438 284 
6258 5049 3928 3084 2170 1605 899 438 284 
6258 5049 3928 3084 2170 1605 899 438 284 
6258 5049 3928 3084 2170 1605 899 438 284 
6258 5049 3928 3084 2170 1605 899 438 284 
6258 5049 3928 3084 2170 1605 899 438 284 
6258 5049 3928 3084 2170 1605 899 438 284 
6258 5049 3928 3084 2170 1605 899 438 284 
6258 5049 3928 3084 2170 1605 899 438 284 
6677 4483 3405 2365 1754 1267 492 352 189 
6677 4483 3405 2365 1754 1267 492 352 189 
6677 4483 3405 2365 1754 1267 492 352 189 
6677 4483 3405 2365 1754 1267 492 352 189 
6677 4483 3405 2365 1754 1267 492 352 189 
6677 4483 3405 2365 1754 1267 492 352 189 
6677 4483 3405 2365 1754 1267 492 352 189 
6677 4483 3405 2365 1754 1267 492 352 189 
6677 4483 3405 2365 1754 1267 492 352 189 
6677 4483 3405 2365 1754 1267 492 352 189 
7620 3675 2680 2016 1310 775 676 256 197 
7620 3675 2680 2016 1310 775 676 256 197 
7620 3675 2680 2016 1310 775 676 256 197 
7620 3675 2680 2016 1310 775 676 256 197 
7620 3675 2680 2016 1310 775 676 256 197 
7620 3675 2680 2016 1310 775 676 256 197 
7620 3675 2680 2016 1310 775 676 256 197 
7620 3675 2680 2016 1310 775 676 256 197 
7620 3675 2680 2016 1310 775 676 256 197 
7620 3675 2680 2016 1310 775 676 256 197 
19835 4112 2456 1378 910 710 297 154 121 
19835 4112 2456 1378 910 710 297 154 121 
19835 4112 2456 1378 910 710 297 154 121 
19835 4112 2456 1378 910 710 297 154 121 
19835 4112 2456 1378 910 710 297 154 121 
19835 4112 2456 1378 910 710 297 154 121 
19835 4112 2456 1378 910 710 297 154 121 
19835 4112 2456 1378 910 710 297 154 121 
19835 4112 2456 1378 910 710 297 154 121 
19835 4112 2456 1378 910 710 297 154 121 
8421 8030 4100 3048 1675 1203 806 605 162 
8421 8030 4100 3048 1675 1203 806 605 162 
8421 8030 4100 3048 1675 1203 806 605 162 
8421 8030 4100 3048 1675 1203 806 605 162 
8421 8030 4100 3048 1675 1203 806 605 162 
8421 8030 4100 3048 1675 1203 806 605 162 
8421 8030 4100 3048 1675 1203 806 605 162 
8421 8030 4100 3048 1675 1203 806 605 162 
8421 8030 4100 3048 1675 1203 806 605 162 
8421 8030 4100 3048 1675 1203 806 605 162 
12020 5213 3020 1854 1646 801 796 315 216 
12020 5213 3020 1854 1646 801 796 315 216 
12020 5213 3020 1854 1646 801 796 315 216 
12020 5213 3020 1854 1646 801 796 315 216 
12020 5213 3020 1854 1646 801 796 315 216 
12020 5213 3020 1854 1646 801 796 315 216 
12020 5213 3020 1854 1646 801 796 315 216 
12020 5213 3020 1854 1646 801 796 315 216 
12020 5213 3020 1854 1646 801 796 315 216 
12020 5213 3020 1854 1646 801 796 315 216 
8974 4574 3286 2489 2133 1070 829 613 
8974 4574 3286 2489 2133 1070 829 613 
8974 4574 3286 2489 2133 1070 829 613 
8974 4574 3286 2489 2133 1070 829 613 
8974 4574 3286 2489 2133 1070 829 613 
8974 4574 3286 2489 2133 1070 829 613 
8974 4574 3286 2489 2133 1070 829 613 
8974 4574 3286 2489 2133 1070 829 613 
8974 4574 3286 2489 2133 1070 829 613 
8974 4574 3286 2489 2133 1070 829 613 
8319 5557 4543 2921 2344 1821 1464 1041 134 83 
8319 5557 4543 2921 2344 1821 1464 1041 134 83 
8319 5557 4543 2921 2344 1821 1464 1041 134 83 
8319 5557 4543 2921 2344 1821 1464 1041 134 83 
8319 5557 4543 2921 2344 1821 1464 1041 134 83 
8319 5557 4543 2921 2344 1821 1464 1041 134 83 
8319 5557 4543 2921 2344 1821 1464 1041 134 83 
8319 5557 4543 2921 2344 1821 1464 1041 134 83 
8319 5557 4543 2921 2344 1821 1464 1041 134 83 
8319 5557 4543 2921 2344 1821 1464 1041 134 83 
9863 4120 3252 2328 1103 788 559 354 337 
9863 4120 3252 2328 1103 788 559 354 337 
9863 4120 3252 2328 1103 788 559 354 337 
9863 4120 3252 2328 1103 788 559 354 337 
9863 4120 3252 2328 1103 788 559 354 337 
9863 4120 3252 2328 1103 788 559 354 337 
9863 4120 3252 2328 1103 788 559 354 337 
9863 4120 3252 2328 1103 788 559 354 337 
9863 4120 3252 2328 1103 788 559 354 337 
9863 4120 3252 2328 1103 788 559 354 337 
9496 6450 4034 1925 1145 492 298 201 
9496 6450 4034 1925 1145 492 298 201 
9496 6450 4034 1925 1145 492 298 201 
9496 6450 4034 1925 1145 492 298 201 
9496 6450 4034 1925 1145 492 298 201 
9496 6450 4034 1925 1145 492 298 201 
9496 6450 4034 1925 1145 492 298 201 
9496 6450 4034 1925 1145 492 298 201 
9496 6450 4034 1925 1145 492 298 201 
9496 6450 4034 1925 1145 492 298 201 
20434 2177 1676 1413 756 416 281 
20434 2177 1676 1413 756 416 281 
20434 2177 1676 1413 756 416 281 
20434 2177 1676 1413 756 416 281 
20434 2177 1676 1413 756 416 281 
20434 2177 1676 1413 756 416 281 
20434 2177 1676 1413 756 416 281 
20434 2177 1676 1413 756 416 281 
20434 2177 1676 1413 756 416 281 
20434 2177 1676 1413 756 416 281 
7143 5572 3535 1560 1179 727 503 282 
7143 5572 3535 1560 1179 727 503 282 
7143 5572 3535 1560 1179 727 503 282 
7143 5572 3535 1560 1179 727 503 282 
7143 5572 3535 1560 1179 727 503 282 
7143 5572 3535 1560 1179 727 503 282 
7143 5572 3535 1560 1179 727 503 282 
7143 5572 3535 1560 1179 727 503 282 
7143 5572 3535 1560 1179 727 503 282 
7143 5572 3535 1560 1179 727 503 282 
10734 3394 1334 548 
8140 4495 2032 771 720 
10734 3394 1334 548 
8140 4495 2032 771 720 
10734 3394 1334 548 
8140 4495 2032 771 720 
10734 3394 1334 548 
8140 4495 2032 771 720 
10734 3394 1334 548 
8140 4495 2032 771 720 
10734 3394 1334 548 
8140 4495 2032 771 720 
10734 3394 1334 548 
8140 4495 2032 771 720 
10734 3394 1334 548 
8140 4495 2032 771 720 
10734 3394 1334 548 
8140 4495 2032 771 720 
10734 3394 1334 548 
8140 4495 2032 771 720 
11880 4772 2450 1759 887 460 253 200 
11880 4772 2450 1759 887 460 253 200 
11880 4772 2450 1759 887 460 253 200 
11880 4772 2450 1759 887 460 253 200 
11880 4772 2450 1759 887 460 253 200 
11880 4772 2450 1759 887 460 253 200 
11880 4772 2450 1759 887 460 253 200 
11880 4772 2450 1759 887 460 253 200 
11880 4772 2450 1759 887 460 253 200 
11880 4772 2450 1759 887 460 253 200 
11686 6431 3669 2153 1391 512 324 114 
11686 6431 3669 2153 1391 512 324 114 
11686 6431 3669 2153 1391 512 324 114 
11686 6431 3669 2153 1391 512 324 114 
11686 6431 3669 2153 1391 512 324 114 
11686 6431 3669 2153 1391 512 324 114 
11686 6431 3669 2153 1391 512 324 114 
11686 6431 3669 2153 1391 512 324 114 
11686 6431 3669 2153 1391 512 324 114 
11686 6431 3669 2153 1391 512 324 114 
15816 2589 1370 987 327 292 179 
15816 2589 1370 987 327 292 179 
15816 2589 1370 987 327 292 179 
15816 2589 1370 987 327 292 179 
15816 2589 1370 987 327 292 179 
15816 2589 1370 987 327 292 179 
15816 2589 1370 987 327 292 179 
15816 2589 1370 987 327 292 179 
15816 2589 1370 987 327 292 179 
15816 2589 1370 987 327 292 179 
10100 3610 2546 1881 1345 1106 512 191 126 
10100 3610 2546 1881 1345 1106 512 191 126 
10100 3610 2546 1881 1345 1106 512 191 126 
10100 3610 2546 1881 1345 1106 512 191 126 
10100 3610 2546 1881 1345 1106 512 191 126 
10100 3610 2546 1881 1345 1106 512 191 126 
10100 3610 2546 1881 1345 1106 512 191 126 
10100 3610 2546 1881 1345 1106 512 191 126 
10100 3610 2546 1881 1345 1106 512 191 126 
10100 3610 2546 1881 1345 1106 512 191 126 
6725 5804 3227 2543 1430 1420 974 634 488 423 
6725 5804 3227 2543 1430 1420 974 634 488 423 
6725 5804 3227 2543 1430 1420 974 634 488 423 
6725 5804 3227 2543 1430 1420 974 634 488 423 
6725 5804 3227 2543 1430 1420 974 634 488 423 
6725 5804 3227 2543 1430 1420 974 634 488 423 
6725 5804 3227 2543 1430 1420 974 634 488 423 
6725 5804 3227 2543 1430 1420 974 634 488 423 
6725 5804 3227 2543 1430 1420 974 634 488 423 
6725 5804 3227 2543 1430 1420 974 634 488 423 
14083 5358 2619 1784 1016 672 603 
14083 5358 2619 1784 1016 672 603 
14083 5358 2619 1784 1016 672 603 
14083 5358 2619 1784 1016 672 603 
14083 5358 2619 1784 1016 672 603 
14083 5358 2619 1784 1016 672 603 
14083 5358 2619 1784 1016 672 603 
14083 5358 2619 1784 1016 672 603 
14083 5358 2619 1784 1016 672 603 
14083 5358 2619 1784 1016 672 603 
26617 
26617 
26617 
26617 
26617 
26617 
26617 
26617 
26617 
26617 
9138 8171 5206 2127 1576 1434 652 433 307 268 
9138 8171 5206 2127 1576 1434 652 433 307 268 
9138 8171 5206 2127 1576 1434 652 433 307 268 
9138 8171 5206 2127 1576 1434 652 433 307 268 
9138 8171 5206 2127 1576 1434 652 433 307 268 
9138 8171 5206 2127 1576 1434 652 433 307 268 
9138 8171 5206 2127 1576 1434 652 433 307 268 
9138 8171 5206 2127 1576 1434 652 433 307 268 
9138 8171 5206 2127 1576 1434 652 433 307 268 
9138 8171 5206 2127 1576 1434 652 433 307 268 
4765 3435 2807 2081 1633 1050 793 482 262 157 
4765 3435 2807 2081 1633 1050 793 482 262 157 
4765 3435 2807 2081 1633 1050 793 482 262 157 
4765 3435 2807 2081 1633 1050 793 482 262 157 
4765 3435 2807 2081 1633 1050 793 482 262 157 
4765 3435 2807 2081 1633 1050 793 482 262 157 
4765 3435 2807 2081 1633 1050 793 482 262 157 
4765 3435 2807 2081 1633 1050 793 482 262 157 
4765 3435 2807 2081 1633 1050 793 482 262 157 
4765 3435 2807 2081 1633 1050 793 482 262 157 
5483 4213 3826 3048 2550 1980 1426 1020 280 172 
5483 4213 3826 3048 2550 1980 1426 1020 280 172 
5483 4213 3826 3048 2550 1980 1426 1020 280 172 
5483 4213 3826 3048 2550 1980 1426 1020 280 172 
5483 4213 3826 3048 2550 1980 1426 1020 280 172 
5483 4213 3826 3048 2550 1980 1426 1020 280 172 
5483 4213 3826 3048 2550 1980 1426 1020 280 172 
5483 4213 3826 3048 2550 1980 1426 1020 280 172 
5483 4213 3826 3048 2550 1980 1426 1020 280 172 
5483 4213 3826 3048 2550 1980 1426 1020 280 172 
7661 7223 3780 2518 1709 1375 1124 640 537 
7661 7223 3780 2518 1709 1375 1124 640 537 
7661 7223 3780 2518 1709 1375 1124 640 537 
7661 7223 3780 2518 1709 1375 1124 640 537 
7661 7223 3780 2518 1709 1375 1124 640 537 
7661 7223 3780 2518 1709 1375 1124 640 537 
7661 7223 3780 2518 1709 1375 1124 640 537 
7661 7223 3780 2518 1709 1375 1124 640 537 
7661 7223 3780 2518 1709 1375 1124 640 537 
7661 7223 3780 2518 1709 1375 1124 640 537 
4671 4350 2896 2024 1415 874 552 462 
4671 4350 2896 2024 1415 874 552 462 
4671 4350 2896 2024 1415 874 552 462 
4671 4350 2896 2024 1415 874 552 462 
4671 4350 2896 2024 1415 874 552 462 
4671 4350 2896 2024 1415 874 552 462 
4671 4350 2896 2024 1415 874 552 462 
4671 4350 2896 2024 1415 874 552 462 
4671 4350 2896 2024 1415 874 552 462 
4671 4350 2896 2024 1415 874 552 462 
5641 3884 2715 2111 1760 835 351 210 126 
5641 3884 2715 2111 1760 835 351 210 126 
5641 3884 2715 2111 1760 835 351 210 126 
5641 3884 2715 2111 1760 835 351 210 126 
5641 3884 2715 2111 1760 835 351 210 126 
5641 3884 2715 2111 1760 835 351 210 126 
5641 3884 2715 2111 1760 835 351 210 126 
5641 3884 2715 2111 1760 835 351 210 126 
5641 3884 2715 2111 1760 835 351 210 126 
5641 3884 2715 2111 1760 835 351 210 126 
13266 6258 3956 2702 1834 857 500 282 
13266 6258 3956 2702 1834 857 500 282 
13266 6258 3956 2702 1834 857 500 282 
13266 6258 3956 2702 1834 857 500 282 
13266 6258 3956 2702 1834 857 500 282 
13266 6258 3956 2702 1834 857 500 282 
13266 6258 3956 2702 1834 857 500 282 
13266 6258 3956 2702 1834 857 500 282 
13266 6258 3956 2702 1834 857 500 282 
13266 6258 3956 2702 1834 857 500 282 
15312 6063 4058 2288 1564 1053 591 106 105 
15312 6063 4058 2288 1564 1053 591 106 105 
15312 6063 4058 2288 1564 1053 591 106 105 
15312 6063 4058 2288 1564 1053 591 106 105 
15312 6063 4058 2288 1564 1053 591 106 105 
15312 6063 4058 2288 1564 1053 591 106 105 
15312 6063 4058 2288 1564 1053 591 106 105 
15312 6063 4058 2288 1564 1053 591 106 105 
15312 6063 4058 2288 1564 1053 591 106 105 
15312 6063 4058 2288 1564 1053 591 106 105 
6719 5589 4799 2396 1869 1137 1033 378 256 
6719 5589 4799 2396 1869 1137 1033 378 256 
6719 5589 4799 2396 1869 1137 1033 378 256 
6719 5589 4799 2396 1869 1137 1033 378 256 
6719 5589 4799 2396 1869 1137 1033 378 256 
6719 5589 4799 2396 1869 1137 1033 378 256 
6719 5589 4799 2396 1869 1137 1033 378 256 
6719 5589 4799 2396 1869 1137 1033 378 256 
6719 5589 4799 2396 1869 1137 1033 378 256 
6719 5589 4799 2396 1869 1137 1033 378 256 
4676 4630 1683 1500 1264 739 493 302 
4676 4630 1683 1500 1264 739 493 302 
4676 4630 1683 1500 1264 739 493 302 
4676 4630 1683 1500 1264 739 493 302 
4676 4630 1683 1500 1264 739 493 302 
4676 4630 1683 1500 1264 739 493 302 
4676 4630 1683 1500 1264 739 493 302 
4676 4630 1683 1500 1264 739 493 302 
4676 4630 1683 1500 1264 739 493 302 
4676 4630 1683 1500 1264 739 493 302 
19774 1781 1434 921 633 242 
19774 1781 1434 921 633 242 
19774 1781 1434 921 633 242 
19774 1781 1434 921 633 242 
19774 1781 1434 921 633 242 
19774 1781 1434 921 633 242 
19774 1781 1434 921 633 242 
19774 1781 1434 921 633 242 
19774 1781 1434 921 633 242 
19774 1781 1434 921 633 242 
7602 4530 3620 2375 1381 1073 593 480 186 177 
7602 4530 3620 2375 1381 1073 593 480 186 177 
7602 4530 3620 2375 1381 1073 593 480 186 177 
7602 4530 3620 2375 1381 1073 593 480 186 177 
7602 4530 3620 2375 1381 1073 593 480 186 177 
7602 4530 3620 2375 1381 1073 593 480 186 177 
7602 4530 3620 2375 1381 1073 593 480 186 177 
7602 4530 3620 2375 1381 1073 593 480 186 177 
7602 4530 3620 2375 1381 1073 593 480 186 177 
7602 4530 3620 2375 1381 1073 593 480 186 177 
10109 7038 4811 3162 1388 862 605 391 358 
10109 7038 4811 3162 1388 862 605 391 358 
10109 7038 4811 3162 1388 862 605 391 358 
10109 7038 4811 3162 1388 862 605 391 358 
10109 7038 4811 3162 1388 862 605 391 358 
10109 7038 4811 3162 1388 862 605 391 358 
10109 7038 4811 3162 1388 862 605 391 358 
10109 7038 4811 3162 1388 862 605 391 358 
10109 7038 4811 3162 1388 862 605 391 358 
10109 7038 4811 3162 1388 862 605 391 358 
4596 3754 3159 2465 2159 1566 1364 408 356 
4596 3754 3159 2465 2159 1566 1364 408 356 
4596 3754 3159 2465 2159 1566 1364 408 356 
4596 3754 3159 2465 2159 1566 1364 408 356 
4596 3754 3159 2465 2159 1566 1364 408 356 
4596 3754 3159 2465 2159 1566 1364 408 356 
4596 3754 3159 2465 2159 1566 1364 408 356 
4596 3754 3159 2465 2159 1566 1364 408 356 
4596 3754 3159 2465 2159 1566 1364 408 356 
4596 3754 3159 2465 2159 1566 1364 408 356 
7779 5479 3248 2797 1634 1464 663 565 188 158 
7779 5479 3248 2797 1634 1464 663 565 188 158 
7779 5479 3248 2797 1634 1464 663 565 188 158 
7779 5479 3248 2797 1634 1464 663 565 188 158 
7779 5479 3248 2797 1634 1464 663 565 188 158 
7779 5479 3248 2797 1634 1464 663 565 188 158 
7779 5479 3248 2797 1634 1464 663 565 188 158 
7779 5479 3248 2797 1634 1464 663 565 188 158 
7779 5479 3248 2797 1634 1464 663 565 188 158 
7779 5479 3248 2797 1634 1464 663 565 188 158 
8345 8164 5064 2558 1739 660 433 286 
8345 8164 5064 2558 1739 660 433 286 
8345 8164 5064 2558 1739 660 433 286 
8345 8164 5064 2558 1739 660 433 286 
8345 8164 5064 2558 1739 660 433 286 
8345 8164 5064 2558 1739 660 433 286 
8345 8164 5064 2558 1739 660 433 286 
8345 8164 5064 2558 1739 660 433 286 
8345 8164 5064 2558 1739 660 433 286 
8345 8164 5064 2558 1739 660 433 286 
11139 7511 4569 3467 2057 807 748 419 142 
11139 7511 4569 3467 2057 807 748 419 142 
11139 7511 4569 3467 2057 807 748 419 142 
11139 7511 4569 3467 2057 807 748 419 142 
11139 7511 4569 3467 2057 807 748 419 142 
11139 7511 4569 3467 2057 807 748 419 142 
11139 7511 4569 3467 2057 807 748 419 142 
11139 7511 4569 3467 2057 807 748 419 142 
11139 7511 4569 3467 2057 807 748 419 142 
11139 7511 4569 3467 2057 807 748 419 142 
7225 5793 4828 3299 2293 1550 1122 530 264 195 
7225 5793 4828 3299 2293 1550 1122 530 264 195 
7225 5793 4828 3299 2293 1550 1122 530 264 195 
7225 5793 4828 3299 2293 1550 1122 530 264 195 
7225 5793 4828 3299 2293 1550 1122 530 264 195 
7225 5793 4828 3299 2293 1550 1122 530 264 195 
7225 5793 4828 3299 2293 1550 1122 530 264 195 
7225 5793 4828 3299 2293 1550 1122 530 264 195 
7225 5793 4828 3299 2293 1550 1122 530 264 195 
7225 5793 4828 3299 2293 1550 1122 530 264 195 
10242 7834 5689 3127 2380 1432 866 397 113 
10242 7834 5689 3127 2380 1432 866 397 113 
10242 7834 5689 3127 2380 1432 866 397 113 
10242 7834 5689 3127 2380 1432 866 397 113 
10242 7834 5689 3127 2380 1432 866 397 113 
10242 7834 5689 3127 2380 1432 866 397 113 
10242 7834 5689 3127 2380 1432 866 397 113 
10242 7834 5689 3127 2380 1432 866 397 113 
10242 7834 5689 3127 2380 1432 866 397 113 
10242 7834 5689 3127 2380 1432 866 397 113 
21117 1557 1264 838 437 332 135 
21117 1557 1264 838 437 332 135 
21117 1557 1264 838 437 332 135 
21117 1557 1264 838 437 332 135 
21117 1557 1264 838 437 332 135 
21117 1557 1264 838 437 332 135 
21117 1557 1264 838 437 332 135 
21117 1557 1264 838 437 332 135 
21117 1557 1264 838 437 332 135 
21117 1557 1264 838 437 332 135 
10971 5267 3106 1878 1468 1319 666 446 273 
10971 5267 3106 1878 1468 1319 666 446 273 
10971 5267 3106 1878 1468 1319 666 446 273 
10971 5267 3106 1878 1468 1319 666 446 273 
10971 5267 3106 1878 1468 1319 666 446 273 
10971 5267 3106 1878 1468 1319 666 446 273 
10971 5267 3106 1878 1468 1319 666 446 273 
10971 5267 3106 1878 1468 1319 666 446 273 
10971 5267 3106 1878 1468 1319 666 446 273 
10971 5267 3106 1878 1468 1319 666 446 273 
20482 2696 1954 1657 699 457 345 
20482 2696 1954 1657 699 457 345 
20482 2696 1954 1657 699 457 345 
20482 2696 1954 1657 699 457 345 
20482 2696 1954 1657 699 457 345 
20482 2696 1954 1657 699 457 345 
20482 2696 1954 1657 699 457 345 
20482 2696 1954 1657 699 457 345 
20482 2696 1954 1657 699 457 345 
20482 2696 1954 1657 699 457 345 
9044 2575 1598 997 553 392 129 68 
9044 2575 1598 997 553 392 129 68 
9044 2575 1598 997 553 392 129 68 
9044 2575 1598 997 553 392 129 68 
9044 2575 1598 997 553 392 129 68 
9044 2575 1598 997 553 392 129 68 
9044 2575 1598 997 553 392 129 68 
9044 2575 1598 997 553 392 129 68 
9044 2575 1598 997 553 392 129 68 
9044 2575 1598 997 553 392 129 68 
9431 9271 5760 2529 2156 1120 626 208 127 
9431 9271 5760 2529 2156 1120 626 208 127 
9431 9271 5760 2529 2156 1120 626 208 127 
9431 9271 5760 2529 2156 1120 626 208 127 
9431 9271 5760 2529 2156 1120 626 208 127 
9431 9271 5760 2529 2156 1120 626 208 127 
9431 9271 5760 2529 2156 1120 626 208 127 
9431 9271 5760 2529 2156 1120 626 208 127 
9431 9271 5760 2529 2156 1120 626 208 127 
9431 9271 5760 2529 2156 1120 626 208 127 
7982 4234 1679 808 313 
18045 
7982 4234 1679 808 313 
18045 
7982 4234 1679 808 313 
18045 
7982 4234 1679 808 313 
18045 
7982 4234 1679 808 313 
18045 
7982 4234 1679 808 313 
18045 
7982 4234 1679 808 313 
18045 
7982 4234 1679 808 313 
18045 
7982 4234 1679 808 313 
18045 
7982 4234 1679 808 313 
18045 
9364 7874 5152 3018 1768 1183 830 69 
9364 7874 5152 3018 1768 1183 830 69 
9364 7874 5152 3018 1768 1183 830 69 
9364 7874 5152 3018 1768 1183 830 69 
9364 7874 5152 3018 1768 1183 830 69 
9364 7874 5152 3018 1768 1183 830 69 
9364 7874 5152 3018 1768 1183 830 69 
9364 7874 5152 3018 1768 1183 830 69 
9364 7874 5152 3018 1768 1183 830 69 
9364 7874 5152 3018 1768 1183 830 69 
6604 6446 2474 2236 1307 751 420 132 
6604 6446 2474 2236 1307 751 420 132 
6604 6446 2474 2236 1307 751 420 132 
6604 6446 2474 2236 1307 751 420 132 
6604 6446 2474 2236 1307 751 420 132 
6604 6446 2474 2236 1307 751 420 132 
6604 6446 2474 2236 1307 751 420 132 
6604 6446 2474 2236 1307 751 420 132 
6604 6446 2474 2236 1307 751 420 132 
6604 6446 2474 2236 1307 751 420 132 
22653 1267 1004 746 157 66 
22653 1267 1004 746 157 66 
22653 1267 1004 746 157 66 
22653 1267 1004 746 157 66 
22653 1267 1004 746 157 66 
22653 1267 1004 746 157 66 
22653 1267 1004 746 157 66 
22653 1267 1004 746 157 66 
22653 1267 1004 746 157 66 
22653 1267 1004 746 157 66 
23112 
23112 
23112 
23112 
23112 
23112 
23112 
23112 
23112 
23112 
7619 3262 2970 1657 959 928 772 283 165 
7619 3262 2970 1657 959 928 772 283 165 
7619 3262 2970 1657 959 928 772 283 165 
7619 3262 2970 1657 959 928 772 283 165 
7619 3262 2970 1657 959 928 772 283 165 
7619 3262 2970 1657 959 928 772 283 165 
7619 3262 2970 1657 959 928 772 283 165 
7619 3262 2970 1657 959 928 772 283 165 
7619 3262 2970 1657 959 928 772 283 165 
7619 3262 2970 1657 959 928 772 283 165 
7463 6804 5912 4495 2356 1182 940 542 431 172 
7463 6804 5912 4495 2356 1182 940 542 431 172 
7463 6804 5912 4495 2356 1182 940 542 431 172 
7463 6804 5912 4495 2356 1182 940 542 431 172 
7463 6804 5912 4495 2356 1182 940 542 431 172 
7463 6804 5912 4495 2356 1182 940 542 431 172 
7463 6804 5912 4495 2356 1182 940 542 431 172 
7463 6804 5912 4495 2356 1182 940 542 431 172 
7463 6804 5912 4495 2356 1182 940 542 431 172 
7463 6804 5912 4495 2356 1182 940 542 431 172 
17803 2338 1691 1345 804 440 237 
17803 2338 1691 1345 804 440 237 
17803 2338 1691 1345 804 440 237 
17803 2338 1691 1345 804 440 237 
17803 2338 1691 1345 804 440 237 
17803 2338 1691 1345 804 440 237 
17803 2338 1691 1345 804 440 237 
17803 2338 1691 1345 804 440 237 
17803 2338 1691 1345 804 440 237 
17803 2338 1691 1345 804 440 237 
6613 6582 4337 2233 1703 994 611 276 
6613 6582 4337 2233 1703 994 611 276 
6613 6582 4337 2233 1703 994 611 276 
6613 6582 4337 2233 1703 994 611 276 
6613 6582 4337 2233 1703 994 611 276 
6613 6582 4337 2233 1703 994 611 276 
6613 6582 4337 2233 1703 994 611 276 
6613 6582 4337 2233 1703 994 611 276 
6613 6582 4337 2233 1703 994 611 276 
6613 6582 4337 2233 1703 994 611 276 
15904 3621 2107 1651 728 371 318 182 
15904 3621 2107 1651 728 371 318 182 
15904 3621 2107 1651 728 371 318 182 
15904 3621 2107 1651 728 371 318 182 
15904 3621 2107 1651 728 371 318 182 
15904 3621 2107 1651 728 371 318 182 
15904 3621 2107 1651 728 371 318 182 
15904 3621 2107 1651 728 371 318 182 
15904 3621 2107 1651 728 371 318 182 
15904 3621 2107 1651 728 371 318 182 
9733 3228 1937 1057 
15803 409 
9733 3228 1937 1057 
15803 409 
9733 3228 1937 1057 
15803 409 
9733 3228 1937 1057 
15803 409 
9733 3228 1937 1057 
15803 409 
9733 3228 1937 1057 
15803 409 
9733 3228 1937 1057 
15803 409 
9733 3228 1937 1057 
15803 409 
9733 3228 1937 1057 
15803 409 
9733 3228 1937 1057 
15803 409 
10861 4599 2440 1388 1117 770 241 98 
10861 4599 2440 1388 1117 770 241 98 
10861 4599 2440 1388 1117 770 241 98 
10861 4599 2440 1388 1117 770 241 98 
10861 4599 2440 1388 1117 770 241 98 
10861 4599 2440 1388 1117 770 241 98 
10861 4599 2440 1388 1117 770 241 98 
10861 4599 2440 1388 1117 770 241 98 
10861 4599 2440 1388 1117 770 241 98 
10861 4599 2440 1388 1117 770 241 98 
11912 1880 856 369 92 
16754 
11912 1880 856 369 92 
16754 
11912 1880 856 369 92 
16754 
11912 1880 856 369 92 
16754 
11912 1880 856 369 92 
16754 
11912 1880 856 369 92 
16754 
11912 1880 856 369 92 
16754 
11912 1880 856 369 92 
16754 
11912 1880 856 369 92 
16754 
11912 1880 856 369 92 
16754 
19307 5038 2776 1648 1112 976 257 198 
19307 5038 2776 1648 1112 976 257 198 
19307 5038 2776 1648 1112 976 257 198 
19307 5038 2776 1648 1112 976 257 198 
19307 5038 2776 1648 1112 976 257 198 
19307 5038 2776 1648 1112 976 257 198 
19307 5038 2776 1648 1112 976 257 198 
19307 5038 2776 1648 1112 976 257 198 
19307 5038 2776 1648 1112 976 257 198 
19307 5038 2776 1648 1112 976 257 198 
13139 2409 842 287 137 
21467 
13139 2409 842 287 137 
21467 
13139 2409 842 287 137 
21467 
13139 2409 842 287 137 
21467 
13139 2409 842 287 137 
21467 
13139 2409 842 287 137 
21467 
13139 2409 842 287 137 
21467 
13139 2409 842 287 137 
21467 
13139 2409 842 287 137 
21467 
13139 2409 842 287 137 
21467 
4962 4527 3037 2238 1583 897 610 344 104 
4962 4527 3037 2238 1583 897 610 344 104 
4962 4527 3037 2238 1583 897 610 344 104 
4962 4527 3037 2238 1583 897 610 344 104 
4962 4527 3037 2238 1583 897 610 344 104 
4962 4527 3037 2238 1583 897 610 344 104 
4962 4527 3037 2238 1583 897 610 344 104 
4962 4527 3037 2238 1583 897 610 344 104 
4962 4527 3037 2238 1583 897 610 344 104 
4962 4527 3037 2238 1583 897 610 344 104 
15290 6568 3528 2264 1701 833 547 376 
15290 6568 3528 2264 1701 833 547 376 
15290 6568 3528 2264 1701 833 547 376 
15290 6568 3528 2264 1701 833 547 376 
15290 6568 3528 2264 1701 833 547 376 
15290 6568 3528 2264 1701 833 547 376 
15290 6568 3528 2264 1701 833 547 376 
15290 6568 3528 2264 1701 833 547 376 
15290 6568 3528 2264 1701 833 547 376 
15290 6568 3528 2264 1701 833 547 376 
7184 4263 3250 1498 1162 877 534 355 304 
7184 4263 3250 1498 1162 877 534 355 304 
7184 4263 3250 1498 1162 877 534 355 304 
7184 4263 3250 1498 1162 877 534 355 304 
7184 4263 3250 1498 1162 877 534 355 304 
7184 4263 3250 1498 1162 877 534 355 304 
7184 4263 3250 1498 1162 877 534 355 304 
7184 4263 3250 1498 1162 877 534 355 304 
7184 4263 3250 1498 1162 877 534 355 304 
7184 4263 3250 1498 1162 877 534 355 304 
7172 6637 4085 607 404 
10385 5009 1972 1072 427 
7172 6637 4085 607 404 
10385 5009 1972 1072 427 
7172 6637 4085 607 404 
10385 5009 1972 1072 427 
7172 6637 4085 607 404 
10385 5009 1972 1072 427 
7172 6637 4085 607 404 
10385 5009 1972 1072 427 
7172 6637 4085 607 404 
10385 5009 1972 1072 427 
7172 6637 4085 607 404 
10385 5009 1972 1072 427 
7172 6637 4085 607 404 
10385 5009 1972 1072 427 
7172 6637 4085 607 404 
10385 5009 1972 1072 427 
7172 6637 4085 607 404 
10385 5009 1972 1072 427 
8229 6397 1547 886 439 
8054 6676 1542 766 475 
8229 6397 1547 886 439 
8054 6676 1542 766 475 
8229 6397 1547 886 439 
8054 6676 1542 766 475 
8229 6397 1547 886 439 
8054 6676 1542 766 475 
8229 6397 1547 886 439 
8054 6676 1542 766 475 
8229 6397 1547 886 439 
8054 6676 1542 766 475 
8229 6397 1547 886 439 
8054 6676 1542 766 475 
8229 6397 1547 886 439 
8054 6676 1542 766 475 
8229 6397 1547 886 439 
8054 6676 1542 766 475 
8229 6397 1547 886 439 
8054 6676 1542 766 475 
7710 4925 2834 2020 370 
8422 3939 3211 1805 516 
7710 4925 2834 2020 370 
8422 3939 3211 1805 516 
7710 4925 2834 2020 370 
8422 3939 3211 1805 516 
7710 4925 2834 2020 370 
8422 3939 3211 1805 516 
7710 4925 2834 2020 370 
8422 3939 3211 1805 516 
7710 4925 2834 2020 370 
8422 3939 3211 1805 516 
7710 4925 2834 2020 370 
8422 3939 3211 1805 516 
7710 4925 2834 2020 370 
8422 3939 3211 1805 516 
7710 4925 2834 2020 370 
8422 3939 3211 1805 516 
7710 4925 2834 2020 370 
8422 3939 3211 1805 516 
10617 8106 6381 3925 1627 979 544 324 
10617 8106 6381 3925 1627 979 544 324 
10617 8106 6381 3925 1627 979 544 324 
10617 8106 6381 3925 1627 979 544 324 
10617 8106 6381 3925 1627 979 544 324 
10617 8106 6381 3925 1627 979 544 324 
10617 8106 6381 3925 1627 979 544 324 
10617 8106 6381 3925 1627 979 544 324 
10617 8106 6381 3925 1627 979 544 324 
10617 8106 6381 3925 1627 979 544 324 
8293 4792 4174 2662 1376 1226 322 126 
8293 4792 4174 2662 1376 1226 322 126 
8293 4792 4174 2662 1376 1226 322 126 
8293 4792 4174 2662 1376 1226 322 126 
8293 4792 4174 2662 1376 1226 322 126 
8293 4792 4174 2662 1376 1226 322 126 
8293 4792 4174 2662 1376 1226 322 126 
8293 4792 4174 2662 1376 1226 322 126 
8293 4792 4174 2662 1376 1226 322 126 
8293 4792 4174 2662 1376 1226 322 126 
19598 4671 3563 2580 1479 806 327 146 
19598 4671 3563 2580 1479 806 327 146 
19598 4671 3563 2580 1479 806 327 146 
19598 4671 3563 2580 1479 806 327 146 
19598 4671 3563 2580 1479 806 327 146 
19598 4671 3563 2580 1479 806 327 146 
19598 4671 3563 2580 1479 806 327 146 
19598 4671 3563 2580 1479 806 327 146 
19598 4671 3563 2580 1479 806 327 146 
19598 4671 3563 2580 1479 806 327 146 
5363 4348 2991 2672 1872 1573 1135 829 502 435 286 
5363 4348 2991 2672 1872 1573 1135 829 502 435 286 
5363 4348 2991 2672 1872 1573 1135 829 502 435 286 
5363 4348 2991 2672 1872 1573 1135 829 502 435 286 
5363 4348 2991 2672 1872 1573 1135 829 502 435 286 
5363 4348 2991 2672 1872 1573 1135 829 502 435 286 
5363 4348 2991 2672 1872 1573 1135 829 502 435 286 
5363 4348 2991 2672 1872 1573 1135 829 502 435 286 
5363 4348 2991 2672 1872 1573 1135 829 502 435 286 
5363 4348 2991 2672 1872 1573 1135 829 502 435 286 
5843 5332 5163 3447 2225 861 494 319 162 
5843 5332 5163 3447 2225 861 494 319 162 
5843 5332 5163 3447 2225 861 494 319 162 
5843 5332 5163 3447 2225 861 494 319 162 
5843 5332 5163 3447 2225 861 494 319 162 
5843 5332 5163 3447 2225 861 494 319 162 
5843 5332 5163 3447 2225 861 494 319 162 
5843 5332 5163 3447 2225 861 494 319 162 
5843 5332 5163 3447 2225 861 494 319 162 
5843 5332 5163 3447 2225 861 494 319 162 
25552 563 270 192 
25552 563 270 192 
25552 563 270 192 
25552 563 270 192 
25552 563 270 192 
25552 563 270 192 
25552 563 270 192 
25552 563 270 192 
25552 563 270 192 
25552 563 270 192 
9652 4533 3547 3092 2143 1564 997 432 225 169 
9652 4533 3547 3092 2143 1564 997 432 225 169 
9652 4533 3547 3092 2143 1564 997 432 225 169 
9652 4533 3547 3092 2143 1564 997 432 225 169 
9652 4533 3547 3092 2143 1564 997 432 225 169 
9652 4533 3547 3092 2143 1564 997 432 225 169 
9652 4533 3547 3092 2143 1564 997 432 225 169 
9652 4533 3547 3092 2143 1564 997 432 225 169 
9652 4533 3547 3092 2143 1564 997 432 225 169 
9652 4533 3547 3092 2143 1564 997 432 225 169 
9693 3058 2115 1104 450 168 
17050 
9693 3058 2115 1104 450 168 
17050 
9693 3058 2115 1104 450 168 
17050 
9693 3058 2115 1104 450 168 
17050 
9693 3058 2115 1104 450 168 
17050 
9693 3058 2115 1104 450 168 
17050 
9693 3058 2115 1104 450 168 
17050 
9693 3058 2115 1104 450 168 
17050 
9693 3058 2115 1104 450 168 
17050 
9693 3058 2115 1104 450 168 
17050 
22223 
22223 
22223 
22223 
22223 
22223 
22223 
22223 
22223 
22223 
8044 
8044 
8044 
8044 
8044 
8044 
8044 
8044 
8044 
8044 
8137 
8137 
8137 
8137 
8137 
8137 
8137 
8137 
8137 
8137 
10011 3507 2638 1631 497 157 152 145 
10011 3507 2638 1631 497 157 152 145 
10011 3507 2638 1631 497 157 152 145 
10011 3507 2638 1631 497 157 152 145 
10011 3507 2638 1631 497 157 152 145 
10011 3507 2638 1631 497 157 152 145 
10011 3507 2638 1631 497 157 152 145 
10011 3507 2638 1631 497 157 152 145 
10011 3507 2638 1631 497 157 152 145 
10011 3507 2638 1631 497 157 152 145 
10636 6252 4487 2290 765 667 
22376 1579 753 
10636 6252 4487 2290 765 667 
22376 1579 753 
10636 6252 4487 2290 765 667 
22376 1579 753 
10636 6252 4487 2290 765 667 
22376 1579 753 
10636 6252 4487 2290 765 667 
22376 1579 753 
10636 6252 4487 2290 765 667 
22376 1579 753 
10636 6252 4487 2290 765 667 
22376 1579 753 
10636 6252 4487 2290 765 667 
22376 1579 753 
10636 6252 4487 2290 765 667 
22376 1579 753 
10636 6252 4487 2290 765 667 
22376 1579 753 
12056 7366 3842 2496 1202 
9331 8573 4831 3244 1144 
12056 7366 3842 2496 1202 
9331 8573 4831 3244 1144 
12056 7366 3842 2496 1202 
9331 8573 4831 3244 1144 
12056 7366 3842 2496 1202 
9331 8573 4831 3244 1144 
12056 7366 3842 2496 1202 
9331 8573 4831 3244 1144 
12056 7366 3842 2496 1202 
9331 8573 4831 3244 1144 
12056 7366 3842 2496 1202 
9331 8573 4831 3244 1144 
12056 7366 3842 2496 1202 
9331 8573 4831 3244 1144 
12056 7366 3842 2496 1202 
9331 8573 4831 3244 1144 
12056 7366 3842 2496 1202 
9331 8573 4831 3244 1144 
4997 4307 2827 2069 916 213 171 
16567 
4997 4307 2827 2069 916 213 171 
16567 
4997 4307 2827 2069 916 213 171 
16567 
4997 4307 2827 2069 916 213 171 
16567 
4997 4307 2827 2069 916 213 171 
16567 
4997 4307 2827 2069 916 213 171 
16567 
4997 4307 2827 2069 916 213 171 
16567 
4997 4307 2827 2069 916 213 171 
16567 
4997 4307 2827 2069 916 213 171 
16567 
4997 4307 2827 2069 916 213 171 
16567 
12671 6834 4918 2910 2082 1425 913 496 285 
12671 6834 4918 2910 2082 1425 913 496 285 
12671 6834 4918 2910 2082 1425 913 496 285 
12671 6834 4918 2910 2082 1425 913 496 285 
12671 6834 4918 2910 2082 1425 913 496 285 
12671 6834 4918 2910 2082 1425 913 496 285 
12671 6834 4918 2910 2082 1425 913 496 285 
12671 6834 4918 2910 2082 1425 913 496 285 
12671 6834 4918 2910 2082 1425 913 496 285 
12671 6834 4918 2910 2082 1425 913 496 285 
11441 4943 2708 1094 958 
10099 5391 3087 1670 906 
11441 4943 2708 1094 958 
10099 5391 3087 1670 906 
11441 4943 2708 1094 958 
10099 5391 3087 1670 906 
11441 4943 2708 1094 958 
10099 5391 3087 1670 906 
11441 4943 2708 1094 958 
10099 5391 3087 1670 906 
11441 4943 2708 1094 958 
10099 5391 3087 1670 906 
11441 4943 2708 1094 958 
10099 5391 3087 1670 906 
11441 4943 2708 1094 958 
10099 5391 3087 1670 906 
11441 4943 2708 1094 958 
10099 5391 3087 1670 906 
11441 4943 2708 1094 958 
10099 5391 3087 1670 906 
8620 6544 3343 2112 1187 
7611 7088 4259 2098 1003 
8620 6544 3343 2112 1187 
7611 7088 4259 2098 1003 
8620 6544 3343 2112 1187 
7611 7088 4259 2098 1003 
8620 6544 3343 2112 1187 
7611 7088 4259 2098 1003 
8620 6544 3343 2112 1187 
7611 7088 4259 2098 1003 
8620 6544 3343 2112 1187 
7611 7088 4259 2098 1003 
8620 6544 3343 2112 1187 
7611 7088 4259 2098 1003 
8620 6544 3343 2112 1187 
7611 7088 4259 2098 1003 
8620 6544 3343 2112 1187 
7611 7088 4259 2098 1003 
8620 6544 3343 2112 1187 
7611 7088 4259 2098 1003 
8229 4411 4139 2060 759 
12334 4198 2502 677 
8229 4411 4139 2060 759 
12334 4198 2502 677 
8229 4411 4139 2060 759 
12334 4198 2502 677 
8229 4411 4139 2060 759 
12334 4198 2502 677 
8229 4411 4139 2060 759 
12334 4198 2502 677 
8229 4411 4139 2060 759 
12334 4198 2502 677 
8229 4411 4139 2060 759 
12334 4198 2502 677 
8229 4411 4139 2060 759 
12334 4198 2502 677 
8229 4411 4139 2060 759 
12334 4198 2502 677 
8229 4411 4139 2060 759 
12334 4198 2502 677 
12573 4283 2893 1098 862 
6973 5594 4719 2411 1228 553 
12573 4283 2893 1098 862 
6973 5594 4719 2411 1228 553 
12573 4283 2893 1098 862 
6973 5594 4719 2411 1228 553 
12573 4283 2893 1098 862 
6973 5594 4719 2411 1228 553 
12573 4283 2893 1098 862 
6973 5594 4719 2411 1228 553 
12573 4283 2893 1098 862 
6973 5594 4719 2411 1228 553 
12573 4283 2893 1098 862 
6973 5594 4719 2411 1228 553 
12573 4283 2893 1098 862 
6973 5594 4719 2411 1228 553 
12573 4283 2893 1098 862 
6973 5594 4719 2411 1228 553 
12573 4283 2893 1098 862 
6973 5594 4719 2411 1228 553 
6610 4571 3354 1828 890 409 
10939 3777 1592 927 446 
6610 4571 3354 1828 890 409 
10939 3777 1592 927 446 
6610 4571 3354 1828 890 409 
10939 3777 1592 927 446 
6610 4571 3354 1828 890 409 
10939 3777 1592 927 446 
6610 4571 3354 1828 890 409 
10939 3777 1592 927 446 
6610 4571 3354 1828 890 409 
10939 3777 1592 927 446 
6610 4571 3354 1828 890 409 
10939 3777 1592 927 446 
6610 4571 3354 1828 890 409 
10939 3777 1592 927 446 
6610 4571 3354 1828 890 409 
10939 3777 1592 927 446 
6610 4571 3354 1828 890 409 
10939 3777 1592 927 446 
7231 6596 2887 1671 489 288 
14183 2590 1479 891 
7231 6596 2887 1671 489 288 
14183 2590 1479 891 
7231 6596 2887 1671 489 288 
14183 2590 1479 891 
7231 6596 2887 1671 489 288 
14183 2590 1479 891 
7231 6596 2887 1671 489 288 
14183 2590 1479 891 
7231 6596 2887 1671 489 288 
14183 2590 1479 891 
7231 6596 2887 1671 489 288 
14183 2590 1479 891 
7231 6596 2887 1671 489 288 
14183 2590 1479 891 
7231 6596 2887 1671 489 288 
14183 2590 1479 891 
7231 6596 2887 1671 489 288 
14183 2590 1479 891 
18885 3913 2589 1267 650 
18578 3951 2903 1154 698 
18885 3913 2589 1267 650 
18578 3951 2903 1154 698 
18885 3913 2589 1267 650 
18578 3951 2903 1154 698 
18885 3913 2589 1267 650 
18578 3951 2903 1154 698 
18885 3913 2589 1267 650 
18578 3951 2903 1154 698 
18885 3913 2589 1267 650 
18578 3951 2903 1154 698 
18885 3913 2589 1267 650 
18578 3951 2903 1154 698 
18885 3913 2589 1267 650 
18578 3951 2903 1154 698 
18885 3913 2589 1267 650 
18578 3951 2903 1154 698 
18885 3913 2589 1267 650 
18578 3951 2903 1154 698 
15559 1396 482 177 
11065 3563 1900 1106 
15559 1396 482 177 
11065 3563 1900 1106 
15559 1396 482 177 
11065 3563 1900 1106 
15559 1396 482 177 
11065 3563 1900 1106 
15559 1396 482 177 
11065 3563 1900 1106 
15559 1396 482 177 
11065 3563 1900 1106 
15559 1396 482 177 
11065 3563 1900 1106 
15559 1396 482 177 
11065 3563 1900 1106 
15559 1396 482 177 
11065 3563 1900 1106 
15559 1396 482 177 
11065 3563 1900 1106 
10542 5095 3688 1460 310 
9403 7325 2633 1299 507 
10542 5095 3688 1460 310 
9403 7325 2633 1299 507 
10542 5095 3688 1460 310 
9403 7325 2633 1299 507 
10542 5095 3688 1460 310 
9403 7325 2633 1299 507 
10542 5095 3688 1460 310 
9403 7325 2633 1299 507 
10542 5095 3688 1460 310 
9403 7325 2633 1299 507 
10542 5095 3688 1460 310 
9403 7325 2633 1299 507 
10542 5095 3688 1460 310 
9403 7325 2633 1299 507 
10542 5095 3688 1460 310 
9403 7325 2633 1299 507 
10542 5095 3688 1460 310 
9403 7325 2633 1299 507 
25456 2863 2178 795 567 180 
25456 2863 2178 795 567 180 
25456 2863 2178 795 567 180 
25456 2863 2178 795 567 180 
25456 2863 2178 795 567 180 
25456 2863 2178 795 567 180 
25456 2863 2178 795 567 180 
25456 2863 2178 795 567 180 
25456 2863 2178 795 567 180 
25456 2863 2178 795 567 180 
10706 2932 1734 935 546 
20742 
10706 2932 1734 935 546 
20742 
10706 2932 1734 935 546 
20742 
10706 2932 1734 935 546 
20742 
10706 2932 1734 935 546 
20742 
10706 2932 1734 935 546 
20742 
10706 2932 1734 935 546 
20742 
10706 2932 1734 935 546 
20742 
10706 2932 1734 935 546 
20742 
10706 2932 1734 935 546 
20742 
12025 4007 2907 1342 
13212 3724 2239 1090 
12025 4007 2907 1342 
13212 3724 2239 1090 
12025 4007 2907 1342 
13212 3724 2239 1090 
12025 4007 2907 1342 
13212 3724 2239 1090 
12025 4007 2907 1342 
13212 3724 2239 1090 
12025 4007 2907 1342 
13212 3724 2239 1090 
12025 4007 2907 1342 
13212 3724 2239 1090 
12025 4007 2907 1342 
13212 3724 2239 1090 
12025 4007 2907 1342 
13212 3724 2239 1090 
12025 4007 2907 1342 
13212 3724 2239 1090 
11552 2806 2258 774 
10165 4322 1881 1403 
11552 2806 2258 774 
10165 4322 1881 1403 
11552 2806 2258 774 
10165 4322 1881 1403 
11552 2806 2258 774 
10165 4322 1881 1403 
11552 2806 2258 774 
10165 4322 1881 1403 
11552 2806 2258 774 
10165 4322 1881 1403 
11552 2806 2258 774 
10165 4322 1881 1403 
11552 2806 2258 774 
10165 4322 1881 1403 
11552 2806 2258 774 
10165 4322 1881 1403 
11552 2806 2258 774 
10165 4322 1881 1403 
6540 4971 3459 2313 1409 
7562 4760 3284 1742 1301 
6540 4971 3459 2313 1409 
7562 4760 3284 1742 1301 
6540 4971 3459 2313 1409 
7562 4760 3284 1742 1301 
6540 4971 3459 2313 1409 
7562 4760 3284 1742 1301 
6540 4971 3459 2313 1409 
7562 4760 3284 1742 1301 
6540 4971 3459 2313 1409 
7562 4760 3284 1742 1301 
6540 4971 3459 2313 1409 
7562 4760 3284 1742 1301 
6540 4971 3459 2313 1409 
7562 4760 3284 1742 1301 
6540 4971 3459 2313 1409 
7562 4760 3284 1742 1301 
6540 4971 3459 2313 1409 
7562 4760 3284 1742 1301 
10862 2247 1483 742 286 
16896 
10862 2247 1483 742 286 
16896 
10862 2247 1483 742 286 
16896 
10862 2247 1483 742 286 
16896 
10862 2247 1483 742 286 
16896 
10862 2247 1483 742 286 
16896 
10862 2247 1483 742 286 
16896 
10862 2247 1483 742 286 
16896 
10862 2247 1483 742 286 
16896 
10862 2247 1483 742 286 
16896 
8709 5905 3091 2256 1048 
7493 6401 4000 2122 837 
8709 5905 3091 2256 1048 
7493 6401 4000 2122 837 
8709 5905 3091 2256 1048 
7493 6401 4000 2122 837 
8709 5905 3091 2256 1048 
7493 6401 4000 2122 837 
8709 5905 3091 2256 1048 
7493 6401 4000 2122 837 
8709 5905 3091 2256 1048 
7493 6401 4000 2122 837 
8709 5905 3091 2256 1048 
7493 6401 4000 2122 837 
8709 5905 3091 2256 1048 
7493 6401 4000 2122 837 
8709 5905 3091 2256 1048 
7493 6401 4000 2122 837 
8709 5905 3091 2256 1048 
7493 6401 4000 2122 837 
10851 4983 2803 1925 613 
26068 
10851 4983 2803 1925 613 
26068 
10851 4983 2803 1925 613 
26068 
10851 4983 2803 1925 613 
26068 
10851 4983 2803 1925 613 
26068 
10851 4983 2803 1925 613 
26068 
10851 4983 2803 1925 613 
26068 
10851 4983 2803 1925 613 
26068 
10851 4983 2803 1925 613 
26068 
10851 4983 2803 1925 613 
26068 
17125 1838 469 
10844 4146 2706 1185 569 
17125 1838 469 
10844 4146 2706 1185 569 
17125 1838 469 
10844 4146 2706 1185 569 
17125 1838 469 
10844 4146 2706 1185 569 
17125 1838 469 
10844 4146 2706 1185 569 
17125 1838 469 
10844 4146 2706 1185 569 
17125 1838 469 
10844 4146 2706 1185 569 
17125 1838 469 
10844 4146 2706 1185 569 
17125 1838 469 
10844 4146 2706 1185 569 
17125 1838 469 
10844 4146 2706 1185 569 
17008 3462 680 615 
10166 5859 3591 1591 515 
17008 3462 680 615 
10166 5859 3591 1591 515 
17008 3462 680 615 
10166 5859 3591 1591 515 
17008 3462 680 615 
10166 5859 3591 1591 515 
17008 3462 680 615 
10166 5859 3591 1591 515 
17008 3462 680 615 
10166 5859 3591 1591 515 
17008 3462 680 615 
10166 5859 3591 1591 515 
17008 3462 680 615 
10166 5859 3591 1591 515 
17008 3462 680 615 
10166 5859 3591 1591 515 
17008 3462 680 615 
10166 5859 3591 1591 515 
9965 7441 4993 2861 2550 1500 1295 357 286 
9965 7441 4993 2861 2550 1500 1295 357 286 
9965 7441 4993 2861 2550 1500 1295 357 286 
9965 7441 4993 2861 2550 1500 1295 357 286 
9965 7441 4993 2861 2550 1500 1295 357 286 
9965 7441 4993 2861 2550 1500 1295 357 286 
9965 7441 4993 2861 2550 1500 1295 357 286 
9965 7441 4993 2861 2550 1500 1295 357 286 
9965 7441 4993 2861 2550 1500 1295 357 286 
9965 7441 4993 2861 2550 1500 1295 357 286 
15499 2574 1630 655 164 
18082 1348 851 283 
15499 2574 1630 655 164 
18082 1348 851 283 
15499 2574 1630 655 164 
18082 1348 851 283 
15499 2574 1630 655 164 
18082 1348 851 283 
15499 2574 1630 655 164 
18082 1348 851 283 
15499 2574 1630 655 164 
18082 1348 851 283 
15499 2574 1630 655 164 
18082 1348 851 283 
15499 2574 1630 655 164 
18082 1348 851 283 
15499 2574 1630 655 164 
18082 1348 851 283 
15499 2574 1630 655 164 
18082 1348 851 283 
12111 3439 2303 795 351 
10803 3993 2570 1290 264 
12111 3439 2303 795 351 
10803 3993 2570 1290 264 
12111 3439 2303 795 351 
10803 3993 2570 1290 264 
12111 3439 2303 795 351 
10803 3993 2570 1290 264 
12111 3439 2303 795 351 
10803 3993 2570 1290 264 
12111 3439 2303 795 351 
10803 3993 2570 1290 264 
12111 3439 2303 795 351 
10803 3993 2570 1290 264 
12111 3439 2303 795 351 
10803 3993 2570 1290 264 
12111 3439 2303 795 351 
10803 3993 2570 1290 264 
12111 3439 2303 795 351 
10803 3993 2570 1290 264 
10695 6299 3149 1619 703 
16920 3373 1443 809 
10695 6299 3149 1619 703 
16920 3373 1443 809 
10695 6299 3149 1619 703 
16920 3373 1443 809 
10695 6299 3149 1619 703 
16920 3373 1443 809 
10695 6299 3149 1619 703 
16920 3373 1443 809 
10695 6299 3149 1619 703 
16920 3373 1443 809 
10695 6299 3149 1619 703 
16920 3373 1443 809 
10695 6299 3149 1619 703 
16920 3373 1443 809 
10695 6299 3149 1619 703 
16920 3373 1443 809 
10695 6299 3149 1619 703 
16920 3373 1443 809 
9377 3368 1771 557 170 
10505 2474 1254 819 256 
9377 3368 1771 557 170 
10505 2474 1254 819 256 
9377 3368 1771 557 170 
10505 2474 1254 819 256 
9377 3368 1771 557 170 
10505 2474 1254 819 256 
9377 3368 1771 557 170 
10505 2474 1254 819 256 
9377 3368 1771 557 170 
10505 2474 1254 819 256 
9377 3368 1771 557 170 
10505 2474 1254 819 256 
9377 3368 1771 557 170 
10505 2474 1254 819 256 
9377 3368 1771 557 170 
10505 2474 1254 819 256 
9377 3368 1771 557 170 
10505 2474 1254 819 256 
9931 4565 4182 2341 443 347 
22609 
9931 4565 4182 2341 443 347 
22609 
9931 4565 4182 2341 443 347 
22609 
9931 4565 4182 2341 443 347 
22609 
9931 4565 4182 2341 443 347 
22609 
9931 4565 4182 2341 443 347 
22609 
9931 4565 4182 2341 443 347 
22609 
9931 4565 4182 2341 443 347 
22609 
9931 4565 4182 2341 443 347 
22609 
9931 4565 4182 2341 443 347 
22609 
15327 4075 2563 2176 1367 690 406 81 
15327 4075 2563 2176 1367 690 406 81 
15327 4075 2563 2176 1367 690 406 81 
15327 4075 2563 2176 1367 690 406 81 
15327 4075 2563 2176 1367 690 406 81 
15327 4075 2563 2176 1367 690 406 81 
15327 4075 2563 2176 1367 690 406 81 
15327 4075 2563 2176 1367 690 406 81 
15327 4075 2563 2176 1367 690 406 81 
15327 4075 2563 2176 1367 690 406 81 
22665 998 
9771 7560 3263 2168 792 
22665 998 
9771 7560 3263 2168 792 
22665 998 
9771 7560 3263 2168 792 
22665 998 
9771 7560 3263 2168 792 
22665 998 
9771 7560 3263 2168 792 
22665 998 
9771 7560 3263 2168 792 
22665 998 
9771 7560 3263 2168 792 
22665 998 
9771 7560 3263 2168 792 
22665 998 
9771 7560 3263 2168 792 
22665 998 
9771 7560 3263 2168 792 
13737 5207 3857 2884 2158 1260 1096 114 
13737 5207 3857 2884 2158 1260 1096 114 
13737 5207 3857 2884 2158 1260 1096 114 
13737 5207 3857 2884 2158 1260 1096 114 
13737 5207 3857 2884 2158 1260 1096 114 
13737 5207 3857 2884 2158 1260 1096 114 
13737 5207 3857 2884 2158 1260 1096 114 
13737 5207 3857 2884 2158 1260 1096 114 
13737 5207 3857 2884 2158 1260 1096 114 
13737 5207 3857 2884 2158 1260 1096 114 
6740 5027 1932 1442 1144 184 
11457 2136 1574 1117 199 
6740 5027 1932 1442 1144 184 
11457 2136 1574 1117 199 
6740 5027 1932 1442 1144 184 
11457 2136 1574 1117 199 
6740 5027 1932 1442 1144 184 
11457 2136 1574 1117 199 
6740 5027 1932 1442 1144 184 
11457 2136 1574 1117 199 
6740 5027 1932 1442 1144 184 
11457 2136 1574 1117 199 
6740 5027 1932 1442 1144 184 
11457 2136 1574 1117 199 
6740 5027 1932 1442 1144 184 
11457 2136 1574 1117 199 
6740 5027 1932 1442 1144 184 
11457 2136 1574 1117 199 
6740 5027 1932 1442 1144 184 
11457 2136 1574 1117 199 
10519 5049 1580 980 
6908 6615 2637 1370 290 199 
10519 5049 1580 980 
6908 6615 2637 1370 290 199 
10519 5049 1580 980 
6908 6615 2637 1370 290 199 
10519 5049 1580 980 
6908 6615 2637 1370 290 199 
10519 5049 1580 980 
6908 6615 2637 1370 290 199 
10519 5049 1580 980 
6908 6615 2637 1370 290 199 
10519 5049 1580 980 
6908 6615 2637 1370 290 199 
10519 5049 1580 980 
6908 6615 2637 1370 290 199 
10519 5049 1580 980 
6908 6615 2637 1370 290 199 
10519 5049 1580 980 
6908 6615 2637 1370 290 199 
7939 4231 2517 1220 650 
7242 4755 2561 1257 746 
7939 4231 2517 1220 650 
7242 4755 2561 1257 746 
7939 4231 2517 1220 650 
7242 4755 2561 1257 746 
7939 4231 2517 1220 650 
7242 4755 2561 1257 746 
7939 4231 2517 1220 650 
7242 4755 2561 1257 746 
7939 4231 2517 1220 650 
7242 4755 2561 1257 746 
7939 4231 2517 1220 650 
7242 4755 2561 1257 746 
7939 4231 2517 1220 650 
7242 4755 2561 1257 746 
7939 4231 2517 1220 650 
7242 4755 2561 1257 746 
7939 4231 2517 1220 650 
7242 4755 2561 1257 746 
10931 5477 3971 2772 1477 1307 601 249 
10931 5477 3971 2772 1477 1307 601 249 
10931 5477 3971 2772 1477 1307 601 249 
10931 5477 3971 2772 1477 1307 601 249 
10931 5477 3971 2772 1477 1307 601 249 
10931 5477 3971 2772 1477 1307 601 249 
10931 5477 3971 2772 1477 1307 601 249 
10931 5477 3971 2772 1477 1307 601 249 
10931 5477 3971 2772 1477 1307 601 249 
10931 5477 3971 2772 1477 1307 601 249 
6482 4971 3919 2698 717 392 
12227 3566 1673 1310 444 
6482 4971 3919 2698 717 392 
12227 3566 1673 1310 444 
6482 4971 3919 2698 717 392 
12227 3566 1673 1310 444 
6482 4971 3919 2698 717 392 
12227 3566 1673 1310 444 
6482 4971 3919 2698 717 392 
12227 3566 1673 1310 444 
6482 4971 3919 2698 717 392 
12227 3566 1673 1310 444 
6482 4971 3919 2698 717 392 
12227 3566 1673 1310 444 
6482 4971 3919 2698 717 392 
12227 3566 1673 1310 444 
6482 4971 3919 2698 717 392 
12227 3566 1673 1310 444 
6482 4971 3919 2698 717 392 
12227 3566 1673 1310 444 
6509 3513 2683 1983 712 265 
6690 3104 2809 2089 615 323 
6509 3513 2683 1983 712 265 
6690 3104 2809 2089 615 323 
6509 3513 2683 1983 712 265 
6690 3104 2809 2089 615 323 
6509 3513 2683 1983 712 265 
6690 3104 2809 2089 615 323 
6509 3513 2683 1983 712 265 
6690 3104 2809 2089 615 323 
6509 3513 2683 1983 712 265 
6690 3104 2809 2089 615 323 
6509 3513 2683 1983 712 265 
6690 3104 2809 2089 615 323 
6509 3513 2683 1983 712 265 
6690 3104 2809 2089 615 323 
6509 3513 2683 1983 712 265 
6690 3104 2809 2089 615 323 
6509 3513 2683 1983 712 265 
6690 3104 2809 2089 615 323 
7076 6309 3307 2442 1122 
11054 3809 3019 1472 971 
7076 6309 3307 2442 1122 
11054 3809 3019 1472 971 
7076 6309 3307 2442 1122 
11054 3809 3019 1472 971 
7076 6309 3307 2442 1122 
11054 3809 3019 1472 971 
7076 6309 3307 2442 1122 
11054 3809 3019 1472 971 
7076 6309 3307 2442 1122 
11054 3809 3019 1472 971 
7076 6309 3307 2442 1122 
11054 3809 3019 1472 971 
7076 6309 3307 2442 1122 
11054 3809 3019 1472 971 
7076 6309 3307 2442 1122 
11054 3809 3019 1472 971 
7076 6309 3307 2442 1122 
11054 3809 3019 1472 971 
21495 2766 2016 1723 1257 712 
21495 2766 2016 1723 1257 712 
21495 2766 2016 1723 1257 712 
21495 2766 2016 1723 1257 712 
21495 2766 2016 1723 1257 712 
21495 2766 2016 1723 1257 712 
21495 2766 2016 1723 1257 712 
21495 2766 2016 1723 1257 712 
21495 2766 2016 1723 1257 712 
21495 2766 2016 1723 1257 712 
11732 4832 2093 795 
7454 6751 3494 1255 456 
11732 4832 2093 795 
7454 6751 3494 1255 456 
11732 4832 2093 795 
7454 6751 3494 1255 456 
11732 4832 2093 795 
7454 6751 3494 1255 456 
11732 4832 2093 795 
7454 6751 3494 1255 456 
11732 4832 2093 795 
7454 6751 3494 1255 456 
11732 4832 2093 795 
7454 6751 3494 1255 456 
11732 4832 2093 795 
7454 6751 3494 1255 456 
11732 4832 2093 795 
7454 6751 3494 1255 456 
11732 4832 2093 795 
7454 6751 3494 1255 456 
7874 3277 1993 1546 950 
16139 
7874 3277 1993 1546 950 
16139 
7874 3277 1993 1546 950 
16139 
7874 3277 1993 1546 950 
16139 
7874 3277 1993 1546 950 
16139 
7874 3277 1993 1546 950 
16139 
7874 3277 1993 1546 950 
16139 
7874 3277 1993 1546 950 
16139 
7874 3277 1993 1546 950 
16139 
7874 3277 1993 1546 950 
16139 
8440 7066 2991 1969 683 
13599 5439 1443 502 
8440 7066 2991 1969 683 
13599 5439 1443 502 
8440 7066 2991 1969 683 
13599 5439 1443 502 
8440 7066 2991 1969 683 
13599 5439 1443 502 
8440 7066 2991 1969 683 
13599 5439 1443 502 
8440 7066 2991 1969 683 
13599 5439 1443 502 
8440 7066 2991 1969 683 
13599 5439 1443 502 
8440 7066 2991 1969 683 
13599 5439 1443 502 
8440 7066 2991 1969 683 
13599 5439 1443 502 
8440 7066 2991 1969 683 
13599 5439 1443 502 
10581 5429 2393 1722 1035 778 447 402 
10581 5429 2393 1722 1035 778 447 402 
10581 5429 2393 1722 1035 778 447 402 
10581 5429 2393 1722 1035 778 447 402 
10581 5429 2393 1722 1035 778 447 402 
10581 5429 2393 1722 1035 778 447 402 
10581 5429 2393 1722 1035 778 447 402 
10581 5429 2393 1722 1035 778 447 402 
10581 5429 2393 1722 1035 778 447 402 
10581 5429 2393 1722 1035 778 447 402 
28610 2271 1200 1004 654 237 
28610 2271 1200 1004 654 237 
28610 2271 1200 1004 654 237 
28610 2271 1200 1004 654 237 
28610 2271 1200 1004 654 237 
28610 2271 1200 1004 654 237 
28610 2271 1200 1004 654 237 
28610 2271 1200 1004 654 237 
28610 2271 1200 1004 654 237 
28610 2271 1200 1004 654 237 
10434 5340 2891 2002 1548 1199 881 505 296 180 
10434 5340 2891 2002 1548 1199 881 505 296 180 
10434 5340 2891 2002 1548 1199 881 505 296 180 
10434 5340 2891 2002 1548 1199 881 505 296 180 
10434 5340 2891 2002 1548 1199 881 505 296 180 
10434 5340 2891 2002 1548 1199 881 505 296 180 
10434 5340 2891 2002 1548 1199 881 505 296 180 
10434 5340 2891 2002 1548 1199 881 505 296 180 
10434 5340 2891 2002 1548 1199 881 505 296 180 
10434 5340 2891 2002 1548 1199 881 505 296 180 
16612 2211 812 
7977 6620 2937 1488 685 
16612 2211 812 
7977 6620 2937 1488 685 
16612 2211 812 
7977 6620 2937 1488 685 
16612 2211 812 
7977 6620 2937 1488 685 
16612 2211 812 
7977 6620 2937 1488 685 
16612 2211 812 
7977 6620 2937 1488 685 
16612 2211 812 
7977 6620 2937 1488 685 
16612 2211 812 
7977 6620 2937 1488 685 
16612 2211 812 
7977 6620 2937 1488 685 
16612 2211 812 
7977 6620 2937 1488 685 
12574 1295 576 362 
17393 
12574 1295 576 362 
17393 
12574 1295 576 362 
17393 
12574 1295 576 362 
17393 
12574 1295 576 362 
17393 
12574 1295 576 362 
17393 
12574 1295 576 362 
17393 
12574 1295 576 362 
17393 
12574 1295 576 362 
17393 
12574 1295 576 362 
17393 
13741 4784 2265 1286 542 139 112 
23063 
13741 4784 2265 1286 542 139 112 
23063 
13741 4784 2265 1286 542 139 112 
23063 
13741 4784 2265 1286 542 139 112 
23063 
13741 4784 2265 1286 542 139 112 
23063 
13741 4784 2265 1286 542 139 112 
23063 
13741 4784 2265 1286 542 139 112 
23063 
13741 4784 2265 1286 542 139 112 
23063 
13741 4784 2265 1286 542 139 112 
23063 
13741 4784 2265 1286 542 139 112 
23063 
12367 2810 2596 839 422 
21728 
12367 2810 2596 839 422 
21728 
12367 2810 2596 839 422 
21728 
12367 2810 2596 839 422 
21728 
12367 2810 2596 839 422 
21728 
12367 2810 2596 839 422 
21728 
12367 2810 2596 839 422 
21728 
12367 2810 2596 839 422 
21728 
12367 2810 2596 839 422 
21728 
12367 2810 2596 839 422 
21728 
22998 4215 2714 1764 1127 425 210 148 
22998 4215 2714 1764 1127 425 210 148 
22998 4215 2714 1764 1127 425 210 148 
22998 4215 2714 1764 1127 425 210 148 
22998 4215 2714 1764 1127 425 210 148 
22998 4215 2714 1764 1127 425 210 148 
22998 4215 2714 1764 1127 425 210 148 
22998 4215 2714 1764 1127 425 210 148 
22998 4215 2714 1764 1127 425 210 148 
22998 4215 2714 1764 1127 425 210 148 
10045 4434 1561 641 312 
7359 5538 2916 900 245 
10045 4434 1561 641 312 
7359 5538 2916 900 245 
10045 4434 1561 641 312 
7359 5538 2916 900 245 
10045 4434 1561 641 312 
7359 5538 2916 900 245 
10045 4434 1561 641 312 
7359 5538 2916 900 245 
10045 4434 1561 641 312 
7359 5538 2916 900 245 
10045 4434 1561 641 312 
7359 5538 2916 900 245 
10045 4434 1561 641 312 
7359 5538 2916 900 245 
10045 4434 1561 641 312 
7359 5538 2916 900 245 
10045 4434 1561 641 312 
7359 5538 2916 900 245 
8692 4175 3070 1282 728 
10524 4039 2477 838 
8692 4175 3070 1282 728 
10524 4039 2477 838 
8692 4175 3070 1282 728 
10524 4039 2477 838 
8692 4175 3070 1282 728 
10524 4039 2477 838 
8692 4175 3070 1282 728 
10524 4039 2477 838 
8692 4175 3070 1282 728 
10524 4039 2477 838 
8692 4175 3070 1282 728 
10524 4039 2477 838 
8692 4175 3070 1282 728 
10524 4039 2477 838 
8692 4175 3070 1282 728 
10524 4039 2477 838 
8692 4175 3070 1282 728 
10524 4039 2477 838 
11290 6024 3243 2291 
7205 6827 4461 2775 1467 
11290 6024 3243 2291 
7205 6827 4461 2775 1467 
11290 6024 3243 2291 
7205 6827 4461 2775 1467 
11290 6024 3243 2291 
7205 6827 4461 2775 1467 
11290 6024 3243 2291 
7205 6827 4461 2775 1467 
11290 6024 3243 2291 
7205 6827 4461 2775 1467 
11290 6024 3243 2291 
7205 6827 4461 2775 1467 
11290 6024 3243 2291 
7205 6827 4461 2775 1467 
11290 6024 3243 2291 
7205 6827 4461 2775 1467 
11290 6024 3243 2291 
7205 6827 4461 2775 1467 
12172 3886 1964 982 378 
13513 3725 1788 297 
12172 3886 1964 982 378 
13513 3725 1788 297 
12172 3886 1964 982 378 
13513 3725 1788 297 
12172 3886 1964 982 378 
13513 3725 1788 297 
12172 3886 1964 982 378 
13513 3725 1788 297 
12172 3886 1964 982 378 
13513 3725 1788 297 
12172 3886 1964 982 378 
13513 3725 1788 297 
12172 3886 1964 982 378 
13513 3725 1788 297 
12172 3886 1964 982 378 
13513 3725 1788 297 
12172 3886 1964 982 378 
13513 3725 1788 297 
10563 3694 2271 1206 848 
10545 3934 2027 1225 877 
10563 3694 2271 1206 848 
10545 3934 2027 1225 877 
10563 3694 2271 1206 848 
10545 3934 2027 1225 877 
10563 3694 2271 1206 848 
10545 3934 2027 1225 877 
10563 3694 2271 1206 848 
10545 3934 2027 1225 877 
10563 3694 2271 1206 848 
10545 3934 2027 1225 877 
10563 3694 2271 1206 848 
10545 3934 2027 1225 877 
10563 3694 2271 1206 848 
10545 3934 2027 1225 877 
10563 3694 2271 1206 848 
10545 3934 2027 1225 877 
10563 3694 2271 1206 848 
10545 3934 2027 1225 877 
6255 5937 4773 3030 2403 1558 1037 625 
6255 5937 4773 3030 2403 1558 1037 625 
6255 5937 4773 3030 2403 1558 1037 625 
6255 5937 4773 3030 2403 1558 1037 625 
6255 5937 4773 3030 2403 1558 1037 625 
6255 5937 4773 3030 2403 1558 1037 625 
6255 5937 4773 3030 2403 1558 1037 625 
6255 5937 4773 3030 2403 1558 1037 625 
6255 5937 4773 3030 2403 1558 1037 625 
6255 5937 4773 3030 2403 1558 1037 625 
12738 6792 4982 2978 1380 1084 590 237 120 
12738 6792 4982 2978 1380 1084 590 237 120 
12738 6792 4982 2978 1380 1084 590 237 120 
12738 6792 4982 2978 1380 1084 590 237 120 
12738 6792 4982 2978 1380 1084 590 237 120 
12738 6792 4982 2978 1380 1084 590 237 120 
12738 6792 4982 2978 1380 1084 590 237 120 
12738 6792 4982 2978 1380 1084 590 237 120 
12738 6792 4982 2978 1380 1084 590 237 120 
12738 6792 4982 2978 1380 1084 590 237 120 
11728 4228 2177 1522 461 
12063 3430 3304 943 314 
11728 4228 2177 1522 461 
12063 3430 3304 943 314 
11728 4228 2177 1522 461 
12063 3430 3304 943 314 
11728 4228 2177 1522 461 
12063 3430 3304 943 314 
11728 4228 2177 1522 461 
12063 3430 3304 943 314 
11728 4228 2177 1522 461 
12063 3430 3304 943 314 
11728 4228 2177 1522 461 
12063 3430 3304 943 314 
11728 4228 2177 1522 461 
12063 3430 3304 943 314 
11728 4228 2177 1522 461 
12063 3430 3304 943 314 
11728 4228 2177 1522 461 
12063 3430 3304 943 314 
10452 3943 2059 917 286 233 
18166 
10452 3943 2059 917 286 233 
18166 
10452 3943 2059 917 286 233 
18166 
10452 3943 2059 917 286 233 
18166 
10452 3943 2059 917 286 233 
18166 
10452 3943 2059 917 286 233 
18166 
10452 3943 2059 917 286 233 
18166 
10452 3943 2059 917 286 233 
18166 
10452 3943 2059 917 286 233 
18166 
10452 3943 2059 917 286 233 
18166 
16363 987 
6557 4812 3990 1158 811 
16363 987 
6557 4812 3990 1158 811 
16363 987 
6557 4812 3990 1158 811 
16363 987 
6557 4812 3990 1158 811 
16363 987 
6557 4812 3990 1158 811 
16363 987 
6557 4812 3990 1158 811 
16363 987 
6557 4812 3990 1158 811 
16363 987 
6557 4812 3990 1158 811 
16363 987 
6557 4812 3990 1158 811 
16363 987 
6557 4812 3990 1158 811 
13619 2143 1175 697 
8162 4174 2790 1685 864 
13619 2143 1175 697 
8162 4174 2790 1685 864 
13619 2143 1175 697 
8162 4174 2790 1685 864 
13619 2143 1175 697 
8162 4174 2790 1685 864 
13619 2143 1175 697 
8162 4174 2790 1685 864 
13619 2143 1175 697 
8162 4174 2790 1685 864 
13619 2143 1175 697 
8162 4174 2790 1685 864 
13619 2143 1175 697 
8162 4174 2790 1685 864 
13619 2143 1175 697 
8162 4174 2790 1685 864 
13619 2143 1175 697 
8162 4174 2790 1685 864 
15496 5835 3959 2338 1694 1040 269 
15496 5835 3959 2338 1694 1040 269 
15496 5835 3959 2338 1694 1040 269 
15496 5835 3959 2338 1694 1040 269 
15496 5835 3959 2338 1694 1040 269 
15496 5835 3959 2338 1694 1040 269 
15496 5835 3959 2338 1694 1040 269 
15496 5835 3959 2338 1694 1040 269 
15496 5835 3959 2338 1694 1040 269 
15496 5835 3959 2338 1694 1040 269 
20217 2123 736 
8173 8138 3646 2947 
20217 2123 736 
8173 8138 3646 2947 
20217 2123 736 
8173 8138 3646 2947 
20217 2123 736 
8173 8138 3646 2947 
20217 2123 736 
8173 8138 3646 2947 
20217 2123 736 
8173 8138 3646 2947 
20217 2123 736 
8173 8138 3646 2947 
20217 2123 736 
8173 8138 3646 2947 
20217 2123 736 
8173 8138 3646 2947 
20217 2123 736 
8173 8138 3646 2947 
13504 2233 1385 
21623 
13504 2233 1385 
21623 
13504 2233 1385 
21623 
13504 2233 1385 
21623 
13504 2233 1385 
21623 
13504 2233 1385 
21623 
13504 2233 1385 
21623 
13504 2233 1385 
21623 
13504 2233 1385 
21623 
13504 2233 1385 
21623 
8191 7875 5555 4177 2785 1952 1438 1124 277 
8191 7875 5555 4177 2785 1952 1438 1124 277 
8191 7875 5555 4177 2785 1952 1438 1124 277 
8191 7875 5555 4177 2785 1952 1438 1124 277 
8191 7875 5555 4177 2785 1952 1438 1124 277 
8191 7875 5555 4177 2785 1952 1438 1124 277 
8191 7875 5555 4177 2785 1952 1438 1124 277 
8191 7875 5555 4177 2785 1952 1438 1124 277 
8191 7875 5555 4177 2785 1952 1438 1124 277 
8191 7875 5555 4177 2785 1952 1438 1124 277 
8988 5227 2380 2128 102 
13041 5007 555 316 
8988 5227 2380 2128 102 
13041 5007 555 316 
8988 5227 2380 2128 102 
13041 5007 555 316 
8988 5227 2380 2128 102 
13041 5007 555 316 
8988 5227 2380 2128 102 
13041 5007 555 316 
8988 5227 2380 2128 102 
13041 5007 555 316 
8988 5227 2380 2128 102 
13041 5007 555 316 
8988 5227 2380 2128 102 
13041 5007 555 316 
8988 5227 2380 2128 102 
13041 5007 555 316 
8988 5227 2380 2128 102 
13041 5007 555 316 
11851 4588 3400 1655 
8789 6092 3525 2026 1073 
11851 4588 3400 1655 
8789 6092 3525 2026 1073 
11851 4588 3400 1655 
8789 6092 3525 2026 1073 
11851 4588 3400 1655 
8789 6092 3525 2026 1073 
11851 4588 3400 1655 
8789 6092 3525 2026 1073 
11851 4588 3400 1655 
8789 6092 3525 2026 1073 
11851 4588 3400 1655 
8789 6092 3525 2026 1073 
11851 4588 3400 1655 
8789 6092 3525 2026 1073 
11851 4588 3400 1655 
8789 6092 3525 2026 1073 
11851 4588 3400 1655 
8789 6092 3525 2026 1073 
15823 3266 1941 
8648 7725 2818 1814 
15823 3266 1941 
8648 7725 2818 1814 
15823 3266 1941 
8648 7725 2818 1814 
15823 3266 1941 
8648 7725 2818 1814 
15823 3266 1941 
8648 7725 2818 1814 
15823 3266 1941 
8648 7725 2818 1814 
15823 3266 1941 
8648 7725 2818 1814 
15823 3266 1941 
8648 7725 2818 1814 
15823 3266 1941 
8648 7725 2818 1814 
15823 3266 1941 
8648 7725 2818 1814 
10503 5343 2836 1895 1059 
13891 4132 2247 1335 
10503 5343 2836 1895 1059 
13891 4132 2247 1335 
10503 5343 2836 1895 1059 
13891 4132 2247 1335 
10503 5343 2836 1895 1059 
13891 4132 2247 1335 
10503 5343 2836 1895 1059 
13891 4132 2247 1335 
10503 5343 2836 1895 1059 
13891 4132 2247 1335 
10503 5343 2836 1895 1059 
13891 4132 2247 1335 
10503 5343 2836 1895 1059 
13891 4132 2247 1335 
10503 5343 2836 1895 1059 
13891 4132 2247 1335 
10503 5343 2836 1895 1059 
13891 4132 2247 1335 
18422 4112 1802 738 
17226 4114 2564 1114 
18422 4112 1802 738 
17226 4114 2564 1114 
18422 4112 1802 738 
17226 4114 2564 1114 
18422 4112 1802 738 
17226 4114 2564 1114 
18422 4112 1802 738 
17226 4114 2564 1114 
18422 4112 1802 738 
17226 4114 2564 1114 
18422 4112 1802 738 
17226 4114 2564 1114 
18422 4112 1802 738 
17226 4114 2564 1114 
18422 4112 1802 738 
17226 4114 2564 1114 
18422 4112 1802 738 
17226 4114 2564 1114 
9746 2934 1803 1407 520 
6266 4030 2905 1547 1134 581 
9746 2934 1803 1407 520 
6266 4030 2905 1547 1134 581 
9746 2934 1803 1407 520 
6266 4030 2905 1547 1134 581 
9746 2934 1803 1407 520 
6266 4030 2905 1547 1134 581 
9746 2934 1803 1407 520 
6266 4030 2905 1547 1134 581 
9746 2934 1803 1407 520 
6266 4030 2905 1547 1134 581 
9746 2934 1803 1407 520 
6266 4030 2905 1547 1134 581 
9746 2934 1803 1407 520 
6266 4030 2905 1547 1134 581 
9746 2934 1803 1407 520 
6266 4030 2905 1547 1134 581 
9746 2934 1803 1407 520 
6266 4030 2905 1547 1134 581 
24892 681 240 193 
24892 681 240 193 
24892 681 240 193 
24892 681 240 193 
24892 681 240 193 
24892 681 240 193 
24892 681 240 193 
24892 681 240 193 
24892 681 240 193 
24892 681 240 193 
9348 2296 1683 1389 843 
8362 3173 1766 1413 920 
9348 2296 1683 1389 843 
8362 3173 1766 1413 920 
9348 2296 1683 1389 843 
8362 3173 1766 1413 920 
9348 2296 1683 1389 843 
8362 3173 1766 1413 920 
9348 2296 1683 1389 843 
8362 3173 1766 1413 920 
9348 2296 1683 1389 843 
8362 3173 1766 1413 920 
9348 2296 1683 1389 843 
8362 3173 1766 1413 920 
9348 2296 1683 1389 843 
8362 3173 1766 1413 920 
9348 2296 1683 1389 843 
8362 3173 1766 1413 920 
9348 2296 1683 1389 843 
8362 3173 1766 1413 920 
6689 5864 3571 1409 1295 
10710 3823 2680 1298 
6689 5864 3571 1409 1295 
10710 3823 2680 1298 
6689 5864 3571 1409 1295 
10710 3823 2680 1298 
6689 5864 3571 1409 1295 
10710 3823 2680 1298 
6689 5864 3571 1409 1295 
10710 3823 2680 1298 
6689 5864 3571 1409 1295 
10710 3823 2680 1298 
6689 5864 3571 1409 1295 
10710 3823 2680 1298 
6689 5864 3571 1409 1295 
10710 3823 2680 1298 
6689 5864 3571 1409 1295 
10710 3823 2680 1298 
6689 5864 3571 1409 1295 
10710 3823 2680 1298 
15525 4625 3779 2596 1600 1080 952 
15525 4625 3779 2596 1600 1080 952 
15525 4625 3779 2596 1600 1080 952 
15525 4625 3779 2596 1600 1080 952 
15525 4625 3779 2596 1600 1080 952 
15525 4625 3779 2596 1600 1080 952 
15525 4625 3779 2596 1600 1080 952 
15525 4625 3779 2596 1600 1080 952 
15525 4625 3779 2596 1600 1080 952 
15525 4625 3779 2596 1600 1080 952 
12693 5671 3106 2097 1583 1091 840 466 133 
12693 5671 3106 2097 1583 1091 840 466 133 
12693 5671 3106 2097 1583 1091 840 466 133 
12693 5671 3106 2097 1583 1091 840 466 133 
12693 5671 3106 2097 1583 1091 840 466 133 
12693 5671 3106 2097 1583 1091 840 466 133 
12693 5671 3106 2097 1583 1091 840 466 133 
12693 5671 3106 2097 1583 1091 840 466 133 
12693 5671 3106 2097 1583 1091 840 466 133 
12693 5671 3106 2097 1583 1091 840 466 133 
11380 7416 3778 2505 1860 1492 627 444 284 
11380 7416 3778 2505 1860 1492 627 444 284 
11380 7416 3778 2505 1860 1492 627 444 284 
11380 7416 3778 2505 1860 1492 627 444 284 
11380 7416 3778 2505 1860 1492 627 444 284 
11380 7416 3778 2505 1860 1492 627 444 284 
11380 7416 3778 2505 1860 1492 627 444 284 
11380 7416 3778 2505 1860 1492 627 444 284 
11380 7416 3778 2505 1860 1492 627 444 284 
11380 7416 3778 2505 1860 1492 627 444 284 
7637 3808 2944 1070 752 382 184 158 
7637 3808 2944 1070 752 382 184 158 
7637 3808 2944 1070 752 382 184 158 
7637 3808 2944 1070 752 382 184 158 
7637 3808 2944 1070 752 382 184 158 
7637 3808 2944 1070 752 382 184 158 
7637 3808 2944 1070 752 382 184 158 
7637 3808 2944 1070 752 382 184 158 
7637 3808 2944 1070 752 382 184 158 
7637 3808 2944 1070 752 382 184 158 
13940 7311 4047 2392 1737 1656 632 479 
13940 7311 4047 2392 1737 1656 632 479 
13940 7311 4047 2392 1737 1656 632 479 
13940 7311 4047 2392 1737 1656 632 479 
13940 7311 4047 2392 1737 1656 632 479 
13940 7311 4047 2392 1737 1656 632 479 
13940 7311 4047 2392 1737 1656 632 479 
13940 7311 4047 2392 1737 1656 632 479 
13940 7311 4047 2392 1737 1656 632 479 
13940 7311 4047 2392 1737 1656 632 479 
6634 4911 3554 3054 918 594 287 
22732 
6634 4911 3554 3054 918 594 287 
22732 
6634 4911 3554 3054 918 594 287 
22732 
6634 4911 3554 3054 918 594 287 
22732 
6634 4911 3554 3054 918 594 287 
22732 
6634 4911 3554 3054 918 594 287 
22732 
6634 4911 3554 3054 918 594 287 
22732 
6634 4911 3554 3054 918 594 287 
22732 
6634 4911 3554 3054 918 594 287 
22732 
6634 4911 3554 3054 918 594 287 
22732 
8625 5593 3257 1179 220 177 
19511 
8625 5593 3257 1179 220 177 
19511 
8625 5593 3257 1179 220 177 
19511 
8625 5593 3257 1179 220 177 
19511 
8625 5593 3257 1179 220 177 
19511 
8625 5593 3257 1179 220 177 
19511 
8625 5593 3257 1179 220 177 
19511 
8625 5593 3257 1179 220 177 
19511 
8625 5593 3257 1179 220 177 
19511 
8625 5593 3257 1179 220 177 
19511 
8468 5499 4103 1147 355 
10483 5117 2141 1165 589 
8468 5499 4103 1147 355 
10483 5117 2141 1165 589 
8468 5499 4103 1147 355 
10483 5117 2141 1165 589 
8468 5499 4103 1147 355 
10483 5117 2141 1165 589 
8468 5499 4103 1147 355 
10483 5117 2141 1165 589 
8468 5499 4103 1147 355 
10483 5117 2141 1165 589 
8468 5499 4103 1147 355 
10483 5117 2141 1165 589 
8468 5499 4103 1147 355 
10483 5117 2141 1165 589 
8468 5499 4103 1147 355 
10483 5117 2141 1165 589 
8468 5499 4103 1147 355 
10483 5117 2141 1165 589 
12961 5035 3043 1809 1566 769 683 164 
12961 5035 3043 1809 1566 769 683 164 
12961 5035 3043 1809 1566 769 683 164 
12961 5035 3043 1809 1566 769 683 164 
12961 5035 3043 1809 1566 769 683 164 
12961 5035 3043 1809 1566 769 683 164 
12961 5035 3043 1809 1566 769 683 164 
12961 5035 3043 1809 1566 769 683 164 
12961 5035 3043 1809 1566 769 683 164 
12961 5035 3043 1809 1566 769 683 164 
9058 5286 3430 466 197 179 
9918 4625 2539 1611 
9058 5286 3430 466 197 179 
9918 4625 2539 1611 
9058 5286 3430 466 197 179 
9918 4625 2539 1611 
9058 5286 3430 466 197 179 
9918 4625 2539 1611 
9058 5286 3430 466 197 179 
9918 4625 2539 1611 
9058 5286 3430 466 197 179 
9918 4625 2539 1611 
9058 5286 3430 466 197 179 
9918 4625 2539 1611 
9058 5286 3430 466 197 179 
9918 4625 2539 1611 
9058 5286 3430 466 197 179 
9918 4625 2539 1611 
9058 5286 3430 466 197 179 
9918 4625 2539 1611 
19474 2894 1853 1539 1108 890 446 
19474 2894 1853 1539 1108 890 446 
19474 2894 1853 1539 1108 890 446 
19474 2894 1853 1539 1108 890 446 
19474 2894 1853 1539 1108 890 446 
19474 2894 1853 1539 1108 890 446 
19474 2894 1853 1539 1108 890 446 
19474 2894 1853 1539 1108 890 446 
19474 2894 1853 1539 1108 890 446 
19474 2894 1853 1539 1108 890 446 
9181 7043 4644 2666 1994 1360 1076 648 256 
9181 7043 4644 2666 1994 1360 1076 648 256 
9181 7043 4644 2666 1994 1360 1076 648 256 
9181 7043 4644 2666 1994 1360 1076 648 256 
9181 7043 4644 2666 1994 1360 1076 648 256 
9181 7043 4644 2666 1994 1360 1076 648 256 
9181 7043 4644 2666 1994 1360 1076 648 256 
9181 7043 4644 2666 1994 1360 1076 648 256 
9181 7043 4644 2666 1994 1360 1076 648 256 
9181 7043 4644 2666 1994 1360 1076 648 256 
18270 2520 1714 1062 331 120 74 
18270 2520 1714 1062 331 120 74 
18270 2520 1714 1062 331 120 74 
18270 2520 1714 1062 331 120 74 
18270 2520 1714 1062 331 120 74 
18270 2520 1714 1062 331 120 74 
18270 2520 1714 1062 331 120 74 
18270 2520 1714 1062 331 120 74 
18270 2520 1714 1062 331 120 74 
18270 2520 1714 1062 331 120 74 
9603 6151 3948 1613 1270 708 206 183 
9603 6151 3948 1613 1270 708 206 183 
9603 6151 3948 1613 1270 708 206 183 
9603 6151 3948 1613 1270 708 206 183 
9603 6151 3948 1613 1270 708 206 183 
9603 6151 3948 1613 1270 708 206 183 
9603 6151 3948 1613 1270 708 206 183 
9603 6151 3948 1613 1270 708 206 183 
9603 6151 3948 1613 1270 708 206 183 
9603 6151 3948 1613 1270 708 206 183 
9730 4053 1348 846 663 
17303 
9730 4053 1348 846 663 
17303 
9730 4053 1348 846 663 
17303 
9730 4053 1348 846 663 
17303 
9730 4053 1348 846 663 
17303 
9730 4053 1348 846 663 
17303 
9730 4053 1348 846 663 
17303 
9730 4053 1348 846 663 
17303 
9730 4053 1348 846 663 
17303 
9730 4053 1348 846 663 
17303 
17578 994 206 
13230 2869 1709 930 
17578 994 206 
13230 2869 1709 930 
17578 994 206 
13230 2869 1709 930 
17578 994 206 
13230 2869 1709 930 
17578 994 206 
13230 2869 1709 930 
17578 994 206 
13230 2869 1709 930 
17578 994 206 
13230 2869 1709 930 
17578 994 206 
13230 2869 1709 930 
17578 994 206 
13230 2869 1709 930 
17578 994 206 
13230 2869 1709 930 
12539 5555 4672 2936 2180 1458 1039 206 184 
12539 5555 4672 2936 2180 1458 1039 206 184 
12539 5555 4672 2936 2180 1458 1039 206 184 
12539 5555 4672 2936 2180 1458 1039 206 184 
12539 5555 4672 2936 2180 1458 1039 206 184 
12539 5555 4672 2936 2180 1458 1039 206 184 
12539 5555 4672 2936 2180 1458 1039 206 184 
12539 5555 4672 2936 2180 1458 1039 206 184 
12539 5555 4672 2936 2180 1458 1039 206 184 
12539 5555 4672 2936 2180 1458 1039 206 184 
11396 4563 2204 1735 254 
15547 3229 1074 331 
11396 4563 2204 1735 254 
15547 3229 1074 331 
11396 4563 2204 1735 254 
15547 3229 1074 331 
11396 4563 2204 1735 254 
15547 3229 1074 331 
11396 4563 2204 1735 254 
15547 3229 1074 331 
11396 4563 2204 1735 254 
15547 3229 1074 331 
11396 4563 2204 1735 254 
15547 3229 1074 331 
11396 4563 2204 1735 254 
15547 3229 1074 331 
11396 4563 2204 1735 254 
15547 3229 1074 331 
11396 4563 2204 1735 254 
15547 3229 1074 331 
19873 3124 2646 1619 482 389 197 183 
19873 3124 2646 1619 482 389 197 183 
19873 3124 2646 1619 482 389 197 183 
19873 3124 2646 1619 482 389 197 183 
19873 3124 2646 1619 482 389 197 183 
19873 3124 2646 1619 482 389 197 183 
19873 3124 2646 1619 482 389 197 183 
19873 3124 2646 1619 482 389 197 183 
19873 3124 2646 1619 482 389 197 183 
19873 3124 2646 1619 482 389 197 183 
5402 4231 3368 2110 1831 655 402 247 181 
5402 4231 3368 2110 1831 655 402 247 181 
5402 4231 3368 2110 1831 655 402 247 181 
5402 4231 3368 2110 1831 655 402 247 181 
5402 4231 3368 2110 1831 655 402 247 181 
5402 4231 3368 2110 1831 655 402 247 181 
5402 4231 3368 2110 1831 655 402 247 181 
5402 4231 3368 2110 1831 655 402 247 181 
5402 4231 3368 2110 1831 655 402 247 181 
5402 4231 3368 2110 1831 655 402 247 181 
21207 
21207 
21207 
21207 
21207 
21207 
21207 
21207 
21207 
21207 
10699 4081 2053 1103 
10075 4229 2384 1292 
10699 4081 2053 1103 
10075 4229 2384 1292 
10699 4081 2053 1103 
10075 4229 2384 1292 
10699 4081 2053 1103 
10075 4229 2384 1292 
10699 4081 2053 1103 
10075 4229 2384 1292 
10699 4081 2053 1103 
10075 4229 2384 1292 
10699 4081 2053 1103 
10075 4229 2384 1292 
10699 4081 2053 1103 
10075 4229 2384 1292 
10699 4081 2053 1103 
10075 4229 2384 1292 
10699 4081 2053 1103 
10075 4229 2384 1292 
15995 5708 4284 2877 1879 1265 796 184 
15995 5708 4284 2877 1879 1265 796 184 
15995 5708 4284 2877 1879 1265 796 184 
15995 5708 4284 2877 1879 1265 796 184 
15995 5708 4284 2877 1879 1265 796 184 
15995 5708 4284 2877 1879 1265 796 184 
15995 5708 4284 2877 1879 1265 796 184 
15995 5708 4284 2877 1879 1265 796 184 
15995 5708 4284 2877 1879 1265 796 184 
15995 5708 4284 2877 1879 1265 796 184 
16875 5489 2035 829 
10722 8253 3926 1475 924 
16875 5489 2035 829 
10722 8253 3926 1475 924 
16875 5489 2035 829 
10722 8253 3926 1475 924 
16875 5489 2035 829 
10722 8253 3926 1475 924 
16875 5489 2035 829 
10722 8253 3926 1475 924 
16875 5489 2035 829 
10722 8253 3926 1475 924 
16875 5489 2035 829 
10722 8253 3926 1475 924 
16875 5489 2035 829 
10722 8253 3926 1475 924 
16875 5489 2035 829 
10722 8253 3926 1475 924 
16875 5489 2035 829 
10722 8253 3926 1475 924 
9181 7664 2990 2955 2066 806 622 228 189 170 
9181 7664 2990 2955 2066 806 622 228 189 170 
9181 7664 2990 2955 2066 806 622 228 189 170 
9181 7664 2990 2955 2066 806 622 228 189 170 
9181 7664 2990 2955 2066 806 622 228 189 170 
9181 7664 2990 2955 2066 806 622 228 189 170 
9181 7664 2990 2955 2066 806 622 228 189 170 
9181 7664 2990 2955 2066 806 622 228 189 170 
9181 7664 2990 2955 2066 806 622 228 189 170 
9181 7664 2990 2955 2066 806 622 228 189 170 
8110 4208 1929 1246 688 
9634 3088 1858 906 734 
8110 4208 1929 1246 688 
9634 3088 1858 906 734 
8110 4208 1929 1246 688 
9634 3088 1858 906 734 
8110 4208 1929 1246 688 
9634 3088 1858 906 734 
8110 4208 1929 1246 688 
9634 3088 1858 906 734 
8110 4208 1929 1246 688 
9634 3088 1858 906 734 
8110 4208 1929 1246 688 
9634 3088 1858 906 734 
8110 4208 1929 1246 688 
9634 3088 1858 906 734 
8110 4208 1929 1246 688 
9634 3088 1858 906 734 
8110 4208 1929 1246 688 
9634 3088 1858 906 734 
16929 1110 200 180 
20192 
16929 1110 200 180 
20192 
16929 1110 200 180 
20192 
16929 1110 200 180 
20192 
16929 1110 200 180 
20192 
16929 1110 200 180 
20192 
16929 1110 200 180 
20192 
16929 1110 200 180 
20192 
16929 1110 200 180 
20192 
16929 1110 200 180 
20192 
8220 5024 2897 1685 815 
7024 6218 3016 1279 1041 
8220 5024 2897 1685 815 
7024 6218 3016 1279 1041 
8220 5024 2897 1685 815 
7024 6218 3016 1279 1041 
8220 5024 2897 1685 815 
7024 6218 3016 1279 1041 
8220 5024 2897 1685 815 
7024 6218 3016 1279 1041 
8220 5024 2897 1685 815 
7024 6218 3016 1279 1041 
8220 5024 2897 1685 815 
7024 6218 3016 1279 1041 
8220 5024 2897 1685 815 
7024 6218 3016 1279 1041 
8220 5024 2897 1685 815 
7024 6218 3016 1279 1041 
8220 5024 2897 1685 815 
7024 6218 3016 1279 1041 
28902 
28902 
28902 
28902 
28902 
28902 
28902 
28902 
28902 
28902 
8028 5051 3615 3106 2226 1600 1052 664 126 
8028 5051 3615 3106 2226 1600 1052 664 126 
8028 5051 3615 3106 2226 1600 1052 664 126 
8028 5051 3615 3106 2226 1600 1052 664 126 
8028 5051 3615 3106 2226 1600 1052 664 126 
8028 5051 3615 3106 2226 1600 1052 664 126 
8028 5051 3615 3106 2226 1600 1052 664 126 
8028 5051 3615 3106 2226 1600 1052 664 126 
8028 5051 3615 3106 2226 1600 1052 664 126 
8028 5051 3615 3106 2226 1600 1052 664 126 
12777 1033 521 322 
18014 
12777 1033 521 322 
18014 
