4971 4901 2402 1069 871 379 
13760 591 266 
4971 4901 2402 1069 871 379 
13760 591 266 
4971 4901 2402 1069 871 379 
13760 591 266 
4971 4901 2402 1069 871 379 
13760 591 266 
4971 4901 2402 1069 871 379 
13760 591 266 
4971 4901 2402 1069 871 379 
13760 591 266 
4971 4901 2402 1069 871 379 
13760 591 266 
4971 4901 2402 1069 871 379 
13760 591 266 
4971 4901 2402 1069 871 379 
13760 591 266 
4971 4901 2402 1069 871 379 
13760 591 266 
8589 5275 4737 2540 1561 1372 679 502 
8589 5275 4737 2540 1561 1372 679 502 
8589 5275 4737 2540 1561 1372 679 502 
8589 5275 4737 2540 1561 1372 679 502 
8589 5275 4737 2540 1561 1372 679 502 
8589 5275 4737 2540 1561 1372 679 502 
8589 5275 4737 2540 1561 1372 679 502 
8589 5275 4737 2540 1561 1372 679 502 
8589 5275 4737 2540 1561 1372 679 502 
8589 5275 4737 2540 1561 1372 679 502 
8002 3388 2303 1775 1249 942 670 439 38 25 
8002 3388 2303 1775 1249 942 670 439 38 25 
8002 3388 2303 1775 1249 942 670 439 38 25 
8002 3388 2303 1775 1249 942 670 439 38 25 
8002 3388 2303 1775 1249 942 670 439 38 25 
8002 3388 2303 1775 1249 942 670 439 38 25 
8002 3388 2303 1775 1249 942 670 439 38 25 
8002 3388 2303 1775 1249 942 670 439 38 25 
8002 3388 2303 1775 1249 942 670 439 38 25 
8002 3388 2303 1775 1249 942 670 439 38 25 
6988 6563 5342 4047 1892 1659 1250 348 96 
6988 6563 5342 4047 1892 1659 1250 348 96 
6988 6563 5342 4047 1892 1659 1250 348 96 
6988 6563 5342 4047 1892 1659 1250 348 96 
6988 6563 5342 4047 1892 1659 1250 348 96 
6988 6563 5342 4047 1892 1659 1250 348 96 
6988 6563 5342 4047 1892 1659 1250 348 96 
6988 6563 5342 4047 1892 1659 1250 348 96 
6988 6563 5342 4047 1892 1659 1250 348 96 
6988 6563 5342 4047 1892 1659 1250 348 96 
10188 8457 4609 3319 1753 1108 504 261 
10188 8457 4609 3319 1753 1108 504 261 
10188 8457 4609 3319 1753 1108 504 261 
10188 8457 4609 3319 1753 1108 504 261 
10188 8457 4609 3319 1753 1108 504 261 
10188 8457 4609 3319 1753 1108 504 261 
10188 8457 4609 3319 1753 1108 504 261 
10188 8457 4609 3319 1753 1108 504 261 
10188 8457 4609 3319 1753 1108 504 261 
10188 8457 4609 3319 1753 1108 504 261 
8104 3612 3070 2195 1608 889 696 396 82 
8104 3612 3070 2195 1608 889 696 396 82 
8104 3612 3070 2195 1608 889 696 396 82 
8104 3612 3070 2195 1608 889 696 396 82 
8104 3612 3070 2195 1608 889 696 396 82 
8104 3612 3070 2195 1608 889 696 396 82 
8104 3612 3070 2195 1608 889 696 396 82 
8104 3612 3070 2195 1608 889 696 396 82 
8104 3612 3070 2195 1608 889 696 396 82 
8104 3612 3070 2195 1608 889 696 396 82 
8780 8335 6108 4053 2212 1375 727 490 
8780 8335 6108 4053 2212 1375 727 490 
8780 8335 6108 4053 2212 1375 727 490 
8780 8335 6108 4053 2212 1375 727 490 
8780 8335 6108 4053 2212 1375 727 490 
8780 8335 6108 4053 2212 1375 727 490 
8780 8335 6108 4053 2212 1375 727 490 
8780 8335 6108 4053 2212 1375 727 490 
8780 8335 6108 4053 2212 1375 727 490 
8780 8335 6108 4053 2212 1375 727 490 
10241 5219 3448 2886 2414 1960 1505 988 948 276 227 30 
10241 5219 3448 2886 2414 1960 1505 988 948 276 227 30 
10241 5219 3448 2886 2414 1960 1505 988 948 276 227 30 
10241 5219 3448 2886 2414 1960 1505 988 948 276 227 30 
10241 5219 3448 2886 2414 1960 1505 988 948 276 227 30 
10241 5219 3448 2886 2414 1960 1505 988 948 276 227 30 
10241 5219 3448 2886 2414 1960 1505 988 948 276 227 30 
10241 5219 3448 2886 2414 1960 1505 988 948 276 227 30 
10241 5219 3448 2886 2414 1960 1505 988 948 276 227 30 
10241 5219 3448 2886 2414 1960 1505 988 948 276 227 30 
16464 2678 2387 1804 1088 834 771 409 42 
16464 2678 2387 1804 1088 834 771 409 42 
16464 2678 2387 1804 1088 834 771 409 42 
16464 2678 2387 1804 1088 834 771 409 42 
16464 2678 2387 1804 1088 834 771 409 42 
16464 2678 2387 1804 1088 834 771 409 42 
16464 2678 2387 1804 1088 834 771 409 42 
16464 2678 2387 1804 1088 834 771 409 42 
16464 2678 2387 1804 1088 834 771 409 42 
16464 2678 2387 1804 1088 834 771 409 42 
15664 4601 3156 2440 1582 1054 886 380 
15664 4601 3156 2440 1582 1054 886 380 
15664 4601 3156 2440 1582 1054 886 380 
15664 4601 3156 2440 1582 1054 886 380 
15664 4601 3156 2440 1582 1054 886 380 
15664 4601 3156 2440 1582 1054 886 380 
15664 4601 3156 2440 1582 1054 886 380 
15664 4601 3156 2440 1582 1054 886 380 
15664 4601 3156 2440 1582 1054 886 380 
15664 4601 3156 2440 1582 1054 886 380 
19608 5385 3987 1507 1134 659 542 139 
19608 5385 3987 1507 1134 659 542 139 
19608 5385 3987 1507 1134 659 542 139 
19608 5385 3987 1507 1134 659 542 139 
19608 5385 3987 1507 1134 659 542 139 
19608 5385 3987 1507 1134 659 542 139 
19608 5385 3987 1507 1134 659 542 139 
19608 5385 3987 1507 1134 659 542 139 
19608 5385 3987 1507 1134 659 542 139 
19608 5385 3987 1507 1134 659 542 139 
10888 7839 3595 2224 1403 918 617 541 71 
10888 7839 3595 2224 1403 918 617 541 71 
10888 7839 3595 2224 1403 918 617 541 71 
10888 7839 3595 2224 1403 918 617 541 71 
10888 7839 3595 2224 1403 918 617 541 71 
10888 7839 3595 2224 1403 918 617 541 71 
10888 7839 3595 2224 1403 918 617 541 71 
10888 7839 3595 2224 1403 918 617 541 71 
10888 7839 3595 2224 1403 918 617 541 71 
10888 7839 3595 2224 1403 918 617 541 71 
10368 8935 4577 4075 1718 1340 756 431 
10368 8935 4577 4075 1718 1340 756 431 
10368 8935 4577 4075 1718 1340 756 431 
10368 8935 4577 4075 1718 1340 756 431 
10368 8935 4577 4075 1718 1340 756 431 
10368 8935 4577 4075 1718 1340 756 431 
10368 8935 4577 4075 1718 1340 756 431 
10368 8935 4577 4075 1718 1340 756 431 
10368 8935 4577 4075 1718 1340 756 431 
10368 8935 4577 4075 1718 1340 756 431 
8221 6858 3894 2080 961 706 471 200 
8221 6858 3894 2080 961 706 471 200 
8221 6858 3894 2080 961 706 471 200 
8221 6858 3894 2080 961 706 471 200 
8221 6858 3894 2080 961 706 471 200 
8221 6858 3894 2080 961 706 471 200 
8221 6858 3894 2080 961 706 471 200 
8221 6858 3894 2080 961 706 471 200 
8221 6858 3894 2080 961 706 471 200 
8221 6858 3894 2080 961 706 471 200 
21191 5726 1908 1438 957 738 254 
21191 5726 1908 1438 957 738 254 
21191 5726 1908 1438 957 738 254 
21191 5726 1908 1438 957 738 254 
21191 5726 1908 1438 957 738 254 
21191 5726 1908 1438 957 738 254 
21191 5726 1908 1438 957 738 254 
21191 5726 1908 1438 957 738 254 
21191 5726 1908 1438 957 738 254 
21191 5726 1908 1438 957 738 254 
6820 6148 4963 4116 2081 1177 911 636 211 
6820 6148 4963 4116 2081 1177 911 636 211 
6820 6148 4963 4116 2081 1177 911 636 211 
6820 6148 4963 4116 2081 1177 911 636 211 
6820 6148 4963 4116 2081 1177 911 636 211 
6820 6148 4963 4116 2081 1177 911 636 211 
6820 6148 4963 4116 2081 1177 911 636 211 
6820 6148 4963 4116 2081 1177 911 636 211 
6820 6148 4963 4116 2081 1177 911 636 211 
6820 6148 4963 4116 2081 1177 911 636 211 
12051 6251 4298 2980 1616 1244 960 615 352 114 54 
12051 6251 4298 2980 1616 1244 960 615 352 114 54 
12051 6251 4298 2980 1616 1244 960 615 352 114 54 
12051 6251 4298 2980 1616 1244 960 615 352 114 54 
12051 6251 4298 2980 1616 1244 960 615 352 114 54 
12051 6251 4298 2980 1616 1244 960 615 352 114 54 
12051 6251 4298 2980 1616 1244 960 615 352 114 54 
12051 6251 4298 2980 1616 1244 960 615 352 114 54 
12051 6251 4298 2980 1616 1244 960 615 352 114 54 
12051 6251 4298 2980 1616 1244 960 615 352 114 54 
11993 4022 3465 2906 2040 803 743 557 399 328 
11993 4022 3465 2906 2040 803 743 557 399 328 
11993 4022 3465 2906 2040 803 743 557 399 328 
11993 4022 3465 2906 2040 803 743 557 399 328 
11993 4022 3465 2906 2040 803 743 557 399 328 
11993 4022 3465 2906 2040 803 743 557 399 328 
11993 4022 3465 2906 2040 803 743 557 399 328 
11993 4022 3465 2906 2040 803 743 557 399 328 
11993 4022 3465 2906 2040 803 743 557 399 328 
11993 4022 3465 2906 2040 803 743 557 399 328 
9203 4283 3314 2663 1930 1176 715 327 51 
9203 4283 3314 2663 1930 1176 715 327 51 
9203 4283 3314 2663 1930 1176 715 327 51 
9203 4283 3314 2663 1930 1176 715 327 51 
9203 4283 3314 2663 1930 1176 715 327 51 
9203 4283 3314 2663 1930 1176 715 327 51 
9203 4283 3314 2663 1930 1176 715 327 51 
9203 4283 3314 2663 1930 1176 715 327 51 
9203 4283 3314 2663 1930 1176 715 327 51 
9203 4283 3314 2663 1930 1176 715 327 51 
11341 3032 2721 1586 1347 449 345 45 
11341 3032 2721 1586 1347 449 345 45 
11341 3032 2721 1586 1347 449 345 45 
11341 3032 2721 1586 1347 449 345 45 
11341 3032 2721 1586 1347 449 345 45 
11341 3032 2721 1586 1347 449 345 45 
11341 3032 2721 1586 1347 449 345 45 
11341 3032 2721 1586 1347 449 345 45 
11341 3032 2721 1586 1347 449 345 45 
11341 3032 2721 1586 1347 449 345 45 
7537 4096 2593 1853 1179 951 523 342 119 
7537 4096 2593 1853 1179 951 523 342 119 
7537 4096 2593 1853 1179 951 523 342 119 
7537 4096 2593 1853 1179 951 523 342 119 
7537 4096 2593 1853 1179 951 523 342 119 
7537 4096 2593 1853 1179 951 523 342 119 
7537 4096 2593 1853 1179 951 523 342 119 
7537 4096 2593 1853 1179 951 523 342 119 
7537 4096 2593 1853 1179 951 523 342 119 
7537 4096 2593 1853 1179 951 523 342 119 
10874 5834 4487 3111 2129 1230 1136 587 348 144 
10874 5834 4487 3111 2129 1230 1136 587 348 144 
10874 5834 4487 3111 2129 1230 1136 587 348 144 
10874 5834 4487 3111 2129 1230 1136 587 348 144 
10874 5834 4487 3111 2129 1230 1136 587 348 144 
10874 5834 4487 3111 2129 1230 1136 587 348 144 
10874 5834 4487 3111 2129 1230 1136 587 348 144 
10874 5834 4487 3111 2129 1230 1136 587 348 144 
10874 5834 4487 3111 2129 1230 1136 587 348 144 
10874 5834 4487 3111 2129 1230 1136 587 348 144 
22613 2211 1418 1042 492 220 
22613 2211 1418 1042 492 220 
22613 2211 1418 1042 492 220 
22613 2211 1418 1042 492 220 
22613 2211 1418 1042 492 220 
22613 2211 1418 1042 492 220 
22613 2211 1418 1042 492 220 
22613 2211 1418 1042 492 220 
22613 2211 1418 1042 492 220 
22613 2211 1418 1042 492 220 
10244 5929 4113 1833 1507 1179 527 365 126 
10244 5929 4113 1833 1507 1179 527 365 126 
10244 5929 4113 1833 1507 1179 527 365 126 
10244 5929 4113 1833 1507 1179 527 365 126 
10244 5929 4113 1833 1507 1179 527 365 126 
10244 5929 4113 1833 1507 1179 527 365 126 
10244 5929 4113 1833 1507 1179 527 365 126 
10244 5929 4113 1833 1507 1179 527 365 126 
10244 5929 4113 1833 1507 1179 527 365 126 
10244 5929 4113 1833 1507 1179 527 365 126 
11094 4396 2662 2216 1591 978 655 314 
11094 4396 2662 2216 1591 978 655 314 
11094 4396 2662 2216 1591 978 655 314 
11094 4396 2662 2216 1591 978 655 314 
11094 4396 2662 2216 1591 978 655 314 
11094 4396 2662 2216 1591 978 655 314 
11094 4396 2662 2216 1591 978 655 314 
11094 4396 2662 2216 1591 978 655 314 
11094 4396 2662 2216 1591 978 655 314 
11094 4396 2662 2216 1591 978 655 314 
8070 5878 3747 3342 2633 1836 1452 1201 
8070 5878 3747 3342 2633 1836 1452 1201 
8070 5878 3747 3342 2633 1836 1452 1201 
8070 5878 3747 3342 2633 1836 1452 1201 
8070 5878 3747 3342 2633 1836 1452 1201 
8070 5878 3747 3342 2633 1836 1452 1201 
8070 5878 3747 3342 2633 1836 1452 1201 
8070 5878 3747 3342 2633 1836 1452 1201 
8070 5878 3747 3342 2633 1836 1452 1201 
8070 5878 3747 3342 2633 1836 1452 1201 
7612 7334 2535 1789 1372 797 636 342 113 13 
7612 7334 2535 1789 1372 797 636 342 113 13 
7612 7334 2535 1789 1372 797 636 342 113 13 
7612 7334 2535 1789 1372 797 636 342 113 13 
7612 7334 2535 1789 1372 797 636 342 113 13 
7612 7334 2535 1789 1372 797 636 342 113 13 
7612 7334 2535 1789 1372 797 636 342 113 13 
7612 7334 2535 1789 1372 797 636 342 113 13 
7612 7334 2535 1789 1372 797 636 342 113 13 
7612 7334 2535 1789 1372 797 636 342 113 13 
11484 4761 2943 2030 1422 829 451 78 
11484 4761 2943 2030 1422 829 451 78 
11484 4761 2943 2030 1422 829 451 78 
11484 4761 2943 2030 1422 829 451 78 
11484 4761 2943 2030 1422 829 451 78 
11484 4761 2943 2030 1422 829 451 78 
11484 4761 2943 2030 1422 829 451 78 
11484 4761 2943 2030 1422 829 451 78 
11484 4761 2943 2030 1422 829 451 78 
11484 4761 2943 2030 1422 829 451 78 
8663 6778 4564 3096 1577 1017 840 397 
8663 6778 4564 3096 1577 1017 840 397 
8663 6778 4564 3096 1577 1017 840 397 
8663 6778 4564 3096 1577 1017 840 397 
8663 6778 4564 3096 1577 1017 840 397 
8663 6778 4564 3096 1577 1017 840 397 
8663 6778 4564 3096 1577 1017 840 397 
8663 6778 4564 3096 1577 1017 840 397 
8663 6778 4564 3096 1577 1017 840 397 
8663 6778 4564 3096 1577 1017 840 397 
7390 5568 3494 1488 1162 723 426 92 18 
7390 5568 3494 1488 1162 723 426 92 18 
7390 5568 3494 1488 1162 723 426 92 18 
7390 5568 3494 1488 1162 723 426 92 18 
7390 5568 3494 1488 1162 723 426 92 18 
7390 5568 3494 1488 1162 723 426 92 18 
7390 5568 3494 1488 1162 723 426 92 18 
7390 5568 3494 1488 1162 723 426 92 18 
7390 5568 3494 1488 1162 723 426 92 18 
7390 5568 3494 1488 1162 723 426 92 18 
8991 4452 1730 737 
6530 5684 2241 1224 183 83 
8991 4452 1730 737 
6530 5684 2241 1224 183 83 
8991 4452 1730 737 
6530 5684 2241 1224 183 83 
8991 4452 1730 737 
6530 5684 2241 1224 183 83 
8991 4452 1730 737 
6530 5684 2241 1224 183 83 
8991 4452 1730 737 
6530 5684 2241 1224 183 83 
8991 4452 1730 737 
6530 5684 2241 1224 183 83 
8991 4452 1730 737 
6530 5684 2241 1224 183 83 
8991 4452 1730 737 
6530 5684 2241 1224 183 83 
8991 4452 1730 737 
6530 5684 2241 1224 183 83 
13874 3798 2116 1150 857 397 319 44 
13874 3798 2116 1150 857 397 319 44 
13874 3798 2116 1150 857 397 319 44 
13874 3798 2116 1150 857 397 319 44 
13874 3798 2116 1150 857 397 319 44 
13874 3798 2116 1150 857 397 319 44 
13874 3798 2116 1150 857 397 319 44 
13874 3798 2116 1150 857 397 319 44 
13874 3798 2116 1150 857 397 319 44 
13874 3798 2116 1150 857 397 319 44 
18775 3382 1806 817 662 482 264 
18775 3382 1806 817 662 482 264 
18775 3382 1806 817 662 482 264 
18775 3382 1806 817 662 482 264 
18775 3382 1806 817 662 482 264 
18775 3382 1806 817 662 482 264 
18775 3382 1806 817 662 482 264 
18775 3382 1806 817 662 482 264 
18775 3382 1806 817 662 482 264 
18775 3382 1806 817 662 482 264 
16544 2167 1097 815 641 251 
16544 2167 1097 815 641 251 
16544 2167 1097 815 641 251 
16544 2167 1097 815 641 251 
16544 2167 1097 815 641 251 
16544 2167 1097 815 641 251 
16544 2167 1097 815 641 251 
16544 2167 1097 815 641 251 
16544 2167 1097 815 641 251 
16544 2167 1097 815 641 251 
7363 6094 2650 1890 1701 675 597 389 
7363 6094 2650 1890 1701 675 597 389 
7363 6094 2650 1890 1701 675 597 389 
7363 6094 2650 1890 1701 675 597 389 
7363 6094 2650 1890 1701 675 597 389 
7363 6094 2650 1890 1701 675 597 389 
7363 6094 2650 1890 1701 675 597 389 
7363 6094 2650 1890 1701 675 597 389 
7363 6094 2650 1890 1701 675 597 389 
7363 6094 2650 1890 1701 675 597 389 
12398 3459 2091 1921 1110 1031 689 617 240 58 
12398 3459 2091 1921 1110 1031 689 617 240 58 
12398 3459 2091 1921 1110 1031 689 617 240 58 
12398 3459 2091 1921 1110 1031 689 617 240 58 
12398 3459 2091 1921 1110 1031 689 617 240 58 
12398 3459 2091 1921 1110 1031 689 617 240 58 
12398 3459 2091 1921 1110 1031 689 617 240 58 
12398 3459 2091 1921 1110 1031 689 617 240 58 
12398 3459 2091 1921 1110 1031 689 617 240 58 
12398 3459 2091 1921 1110 1031 689 617 240 58 
14614 4059 3191 1971 1017 757 286 180 14 
14614 4059 3191 1971 1017 757 286 180 14 
14614 4059 3191 1971 1017 757 286 180 14 
14614 4059 3191 1971 1017 757 286 180 14 
14614 4059 3191 1971 1017 757 286 180 14 
14614 4059 3191 1971 1017 757 286 180 14 
14614 4059 3191 1971 1017 757 286 180 14 
14614 4059 3191 1971 1017 757 286 180 14 
14614 4059 3191 1971 1017 757 286 180 14 
14614 4059 3191 1971 1017 757 286 180 14 
7026 6716 3769 2449 1748 1251 732 546 441 392 194 71 
7026 6716 3769 2449 1748 1251 732 546 441 392 194 71 
7026 6716 3769 2449 1748 1251 732 546 441 392 194 71 
7026 6716 3769 2449 1748 1251 732 546 441 392 194 71 
7026 6716 3769 2449 1748 1251 732 546 441 392 194 71 
7026 6716 3769 2449 1748 1251 732 546 441 392 194 71 
7026 6716 3769 2449 1748 1251 732 546 441 392 194 71 
7026 6716 3769 2449 1748 1251 732 546 441 392 194 71 
7026 6716 3769 2449 1748 1251 732 546 441 392 194 71 
7026 6716 3769 2449 1748 1251 732 546 441 392 194 71 
10961 7631 3802 2128 1733 959 874 611 409 
10961 7631 3802 2128 1733 959 874 611 409 
10961 7631 3802 2128 1733 959 874 611 409 
10961 7631 3802 2128 1733 959 874 611 409 
10961 7631 3802 2128 1733 959 874 611 409 
10961 7631 3802 2128 1733 959 874 611 409 
10961 7631 3802 2128 1733 959 874 611 409 
10961 7631 3802 2128 1733 959 874 611 409 
10961 7631 3802 2128 1733 959 874 611 409 
10961 7631 3802 2128 1733 959 874 611 409 
7536 3281 2172 1775 953 881 477 248 99 
7536 3281 2172 1775 953 881 477 248 99 
7536 3281 2172 1775 953 881 477 248 99 
7536 3281 2172 1775 953 881 477 248 99 
7536 3281 2172 1775 953 881 477 248 99 
7536 3281 2172 1775 953 881 477 248 99 
7536 3281 2172 1775 953 881 477 248 99 
7536 3281 2172 1775 953 881 477 248 99 
7536 3281 2172 1775 953 881 477 248 99 
7536 3281 2172 1775 953 881 477 248 99 
11574 3122 2865 2294 1680 1261 568 360 197 
11574 3122 2865 2294 1680 1261 568 360 197 
11574 3122 2865 2294 1680 1261 568 360 197 
11574 3122 2865 2294 1680 1261 568 360 197 
11574 3122 2865 2294 1680 1261 568 360 197 
11574 3122 2865 2294 1680 1261 568 360 197 
11574 3122 2865 2294 1680 1261 568 360 197 
11574 3122 2865 2294 1680 1261 568 360 197 
11574 3122 2865 2294 1680 1261 568 360 197 
11574 3122 2865 2294 1680 1261 568 360 197 
12795 4329 3258 2212 1413 1213 867 377 
12795 4329 3258 2212 1413 1213 867 377 
12795 4329 3258 2212 1413 1213 867 377 
12795 4329 3258 2212 1413 1213 867 377 
12795 4329 3258 2212 1413 1213 867 377 
12795 4329 3258 2212 1413 1213 867 377 
12795 4329 3258 2212 1413 1213 867 377 
12795 4329 3258 2212 1413 1213 867 377 
12795 4329 3258 2212 1413 1213 867 377 
12795 4329 3258 2212 1413 1213 867 377 
5234 3351 3200 2141 1471 792 742 181 20 
5234 3351 3200 2141 1471 792 742 181 20 
5234 3351 3200 2141 1471 792 742 181 20 
5234 3351 3200 2141 1471 792 742 181 20 
5234 3351 3200 2141 1471 792 742 181 20 
5234 3351 3200 2141 1471 792 742 181 20 
5234 3351 3200 2141 1471 792 742 181 20 
5234 3351 3200 2141 1471 792 742 181 20 
5234 3351 3200 2141 1471 792 742 181 20 
5234 3351 3200 2141 1471 792 742 181 20 
7111 3827 2166 2028 981 792 501 129 
7111 3827 2166 2028 981 792 501 129 
7111 3827 2166 2028 981 792 501 129 
7111 3827 2166 2028 981 792 501 129 
7111 3827 2166 2028 981 792 501 129 
7111 3827 2166 2028 981 792 501 129 
7111 3827 2166 2028 981 792 501 129 
7111 3827 2166 2028 981 792 501 129 
7111 3827 2166 2028 981 792 501 129 
7111 3827 2166 2028 981 792 501 129 
11087 7087 4126 3176 1854 1060 648 411 172 
11087 7087 4126 3176 1854 1060 648 411 172 
11087 7087 4126 3176 1854 1060 648 411 172 
11087 7087 4126 3176 1854 1060 648 411 172 
11087 7087 4126 3176 1854 1060 648 411 172 
11087 7087 4126 3176 1854 1060 648 411 172 
11087 7087 4126 3176 1854 1060 648 411 172 
11087 7087 4126 3176 1854 1060 648 411 172 
11087 7087 4126 3176 1854 1060 648 411 172 
11087 7087 4126 3176 1854 1060 648 411 172 
16433 5858 3982 2265 1324 777 272 157 
16433 5858 3982 2265 1324 777 272 157 
16433 5858 3982 2265 1324 777 272 157 
16433 5858 3982 2265 1324 777 272 157 
16433 5858 3982 2265 1324 777 272 157 
16433 5858 3982 2265 1324 777 272 157 
16433 5858 3982 2265 1324 777 272 157 
16433 5858 3982 2265 1324 777 272 157 
16433 5858 3982 2265 1324 777 272 157 
16433 5858 3982 2265 1324 777 272 157 
15506 3538 2029 1557 731 585 84 
15506 3538 2029 1557 731 585 84 
15506 3538 2029 1557 731 585 84 
15506 3538 2029 1557 731 585 84 
15506 3538 2029 1557 731 585 84 
15506 3538 2029 1557 731 585 84 
15506 3538 2029 1557 731 585 84 
15506 3538 2029 1557 731 585 84 
15506 3538 2029 1557 731 585 84 
15506 3538 2029 1557 731 585 84 
6149 3137 1934 1458 1120 688 528 206 
6149 3137 1934 1458 1120 688 528 206 
6149 3137 1934 1458 1120 688 528 206 
6149 3137 1934 1458 1120 688 528 206 
6149 3137 1934 1458 1120 688 528 206 
6149 3137 1934 1458 1120 688 528 206 
6149 3137 1934 1458 1120 688 528 206 
6149 3137 1934 1458 1120 688 528 206 
6149 3137 1934 1458 1120 688 528 206 
6149 3137 1934 1458 1120 688 528 206 
13207 4289 2555 1764 1401 870 609 
13207 4289 2555 1764 1401 870 609 
13207 4289 2555 1764 1401 870 609 
13207 4289 2555 1764 1401 870 609 
13207 4289 2555 1764 1401 870 609 
13207 4289 2555 1764 1401 870 609 
13207 4289 2555 1764 1401 870 609 
13207 4289 2555 1764 1401 870 609 
13207 4289 2555 1764 1401 870 609 
13207 4289 2555 1764 1401 870 609 
8135 4513 3192 2255 1712 741 641 393 303 
8135 4513 3192 2255 1712 741 641 393 303 
8135 4513 3192 2255 1712 741 641 393 303 
8135 4513 3192 2255 1712 741 641 393 303 
8135 4513 3192 2255 1712 741 641 393 303 
8135 4513 3192 2255 1712 741 641 393 303 
8135 4513 3192 2255 1712 741 641 393 303 
8135 4513 3192 2255 1712 741 641 393 303 
8135 4513 3192 2255 1712 741 641 393 303 
8135 4513 3192 2255 1712 741 641 393 303 
14491 5283 3762 1793 1247 841 538 504 28 
14491 5283 3762 1793 1247 841 538 504 28 
14491 5283 3762 1793 1247 841 538 504 28 
14491 5283 3762 1793 1247 841 538 504 28 
14491 5283 3762 1793 1247 841 538 504 28 
14491 5283 3762 1793 1247 841 538 504 28 
14491 5283 3762 1793 1247 841 538 504 28 
14491 5283 3762 1793 1247 841 538 504 28 
14491 5283 3762 1793 1247 841 538 504 28 
14491 5283 3762 1793 1247 841 538 504 28 
5435 3369 3040 2401 2066 1505 1044 482 358 
5435 3369 3040 2401 2066 1505 1044 482 358 
5435 3369 3040 2401 2066 1505 1044 482 358 
5435 3369 3040 2401 2066 1505 1044 482 358 
5435 3369 3040 2401 2066 1505 1044 482 358 
5435 3369 3040 2401 2066 1505 1044 482 358 
5435 3369 3040 2401 2066 1505 1044 482 358 
5435 3369 3040 2401 2066 1505 1044 482 358 
5435 3369 3040 2401 2066 1505 1044 482 358 
5435 3369 3040 2401 2066 1505 1044 482 358 
7755 5607 3237 2627 1941 1372 595 376 351 
7755 5607 3237 2627 1941 1372 595 376 351 
7755 5607 3237 2627 1941 1372 595 376 351 
7755 5607 3237 2627 1941 1372 595 376 351 
7755 5607 3237 2627 1941 1372 595 376 351 
7755 5607 3237 2627 1941 1372 595 376 351 
7755 5607 3237 2627 1941 1372 595 376 351 
7755 5607 3237 2627 1941 1372 595 376 351 
7755 5607 3237 2627 1941 1372 595 376 351 
7755 5607 3237 2627 1941 1372 595 376 351 
10354 8135 3551 2198 1397 807 546 169 
10354 8135 3551 2198 1397 807 546 169 
10354 8135 3551 2198 1397 807 546 169 
10354 8135 3551 2198 1397 807 546 169 
10354 8135 3551 2198 1397 807 546 169 
10354 8135 3551 2198 1397 807 546 169 
10354 8135 3551 2198 1397 807 546 169 
10354 8135 3551 2198 1397 807 546 169 
10354 8135 3551 2198 1397 807 546 169 
10354 8135 3551 2198 1397 807 546 169 
11420 7079 5619 2689 1845 1240 602 262 
11420 7079 5619 2689 1845 1240 602 262 
11420 7079 5619 2689 1845 1240 602 262 
11420 7079 5619 2689 1845 1240 602 262 
11420 7079 5619 2689 1845 1240 602 262 
11420 7079 5619 2689 1845 1240 602 262 
11420 7079 5619 2689 1845 1240 602 262 
11420 7079 5619 2689 1845 1240 602 262 
11420 7079 5619 2689 1845 1240 602 262 
11420 7079 5619 2689 1845 1240 602 262 
17150 3936 2307 1564 1128 652 224 
17150 3936 2307 1564 1128 652 224 
17150 3936 2307 1564 1128 652 224 
17150 3936 2307 1564 1128 652 224 
17150 3936 2307 1564 1128 652 224 
17150 3936 2307 1564 1128 652 224 
17150 3936 2307 1564 1128 652 224 
17150 3936 2307 1564 1128 652 224 
17150 3936 2307 1564 1128 652 224 
17150 3936 2307 1564 1128 652 224 
12659 7357 4860 2963 1975 1321 619 297 
12659 7357 4860 2963 1975 1321 619 297 
12659 7357 4860 2963 1975 1321 619 297 
12659 7357 4860 2963 1975 1321 619 297 
12659 7357 4860 2963 1975 1321 619 297 
12659 7357 4860 2963 1975 1321 619 297 
12659 7357 4860 2963 1975 1321 619 297 
12659 7357 4860 2963 1975 1321 619 297 
12659 7357 4860 2963 1975 1321 619 297 
12659 7357 4860 2963 1975 1321 619 297 
9507 6256 3755 2068 1473 1112 800 433 228 
9507 6256 3755 2068 1473 1112 800 433 228 
9507 6256 3755 2068 1473 1112 800 433 228 
9507 6256 3755 2068 1473 1112 800 433 228 
9507 6256 3755 2068 1473 1112 800 433 228 
9507 6256 3755 2068 1473 1112 800 433 228 
9507 6256 3755 2068 1473 1112 800 433 228 
9507 6256 3755 2068 1473 1112 800 433 228 
9507 6256 3755 2068 1473 1112 800 433 228 
9507 6256 3755 2068 1473 1112 800 433 228 
19053 2192 1435 1364 645 392 309 
19053 2192 1435 1364 645 392 309 
19053 2192 1435 1364 645 392 309 
19053 2192 1435 1364 645 392 309 
19053 2192 1435 1364 645 392 309 
19053 2192 1435 1364 645 392 309 
19053 2192 1435 1364 645 392 309 
19053 2192 1435 1364 645 392 309 
19053 2192 1435 1364 645 392 309 
19053 2192 1435 1364 645 392 309 
11327 6517 3479 2272 1769 1035 984 633 
11327 6517 3479 2272 1769 1035 984 633 
11327 6517 3479 2272 1769 1035 984 633 
11327 6517 3479 2272 1769 1035 984 633 
11327 6517 3479 2272 1769 1035 984 633 
11327 6517 3479 2272 1769 1035 984 633 
11327 6517 3479 2272 1769 1035 984 633 
11327 6517 3479 2272 1769 1035 984 633 
11327 6517 3479 2272 1769 1035 984 633 
11327 6517 3479 2272 1769 1035 984 633 
10515 1854 1300 744 508 285 120 
10515 1854 1300 744 508 285 120 
10515 1854 1300 744 508 285 120 
10515 1854 1300 744 508 285 120 
10515 1854 1300 744 508 285 120 
10515 1854 1300 744 508 285 120 
10515 1854 1300 744 508 285 120 
10515 1854 1300 744 508 285 120 
10515 1854 1300 744 508 285 120 
10515 1854 1300 744 508 285 120 
26809 2160 1309 509 324 
26809 2160 1309 509 324 
26809 2160 1309 509 324 
26809 2160 1309 509 324 
26809 2160 1309 509 324 
26809 2160 1309 509 324 
26809 2160 1309 509 324 
26809 2160 1309 509 324 
26809 2160 1309 509 324 
26809 2160 1309 509 324 
5803 4652 2811 1154 342 154 
7151 4272 1903 1144 321 130 
5803 4652 2811 1154 342 154 
7151 4272 1903 1144 321 130 
5803 4652 2811 1154 342 154 
7151 4272 1903 1144 321 130 
5803 4652 2811 1154 342 154 
7151 4272 1903 1144 321 130 
5803 4652 2811 1154 342 154 
7151 4272 1903 1144 321 130 
5803 4652 2811 1154 342 154 
7151 4272 1903 1144 321 130 
5803 4652 2811 1154 342 154 
7151 4272 1903 1144 321 130 
5803 4652 2811 1154 342 154 
7151 4272 1903 1144 321 130 
5803 4652 2811 1154 342 154 
7151 4272 1903 1144 321 130 
5803 4652 2811 1154 342 154 
7151 4272 1903 1144 321 130 
21360 3088 2075 1338 856 300 216 
21360 3088 2075 1338 856 300 216 
21360 3088 2075 1338 856 300 216 
21360 3088 2075 1338 856 300 216 
21360 3088 2075 1338 856 300 216 
21360 3088 2075 1338 856 300 216 
21360 3088 2075 1338 856 300 216 
21360 3088 2075 1338 856 300 216 
21360 3088 2075 1338 856 300 216 
21360 3088 2075 1338 856 300 216 
8661 4262 3187 1649 1441 477 465 172 
8661 4262 3187 1649 1441 477 465 172 
8661 4262 3187 1649 1441 477 465 172 
8661 4262 3187 1649 1441 477 465 172 
8661 4262 3187 1649 1441 477 465 172 
8661 4262 3187 1649 1441 477 465 172 
8661 4262 3187 1649 1441 477 465 172 
8661 4262 3187 1649 1441 477 465 172 
8661 4262 3187 1649 1441 477 465 172 
8661 4262 3187 1649 1441 477 465 172 
8735 6019 4133 2909 1448 1166 934 308 178 
8735 6019 4133 2909 1448 1166 934 308 178 
8735 6019 4133 2909 1448 1166 934 308 178 
8735 6019 4133 2909 1448 1166 934 308 178 
8735 6019 4133 2909 1448 1166 934 308 178 
8735 6019 4133 2909 1448 1166 934 308 178 
8735 6019 4133 2909 1448 1166 934 308 178 
8735 6019 4133 2909 1448 1166 934 308 178 
8735 6019 4133 2909 1448 1166 934 308 178 
8735 6019 4133 2909 1448 1166 934 308 178 
5091 5034 4744 2378 1481 1173 930 637 483 361 206 
5091 5034 4744 2378 1481 1173 930 637 483 361 206 
5091 5034 4744 2378 1481 1173 930 637 483 361 206 
5091 5034 4744 2378 1481 1173 930 637 483 361 206 
5091 5034 4744 2378 1481 1173 930 637 483 361 206 
5091 5034 4744 2378 1481 1173 930 637 483 361 206 
5091 5034 4744 2378 1481 1173 930 637 483 361 206 
5091 5034 4744 2378 1481 1173 930 637 483 361 206 
5091 5034 4744 2378 1481 1173 930 637 483 361 206 
5091 5034 4744 2378 1481 1173 930 637 483 361 206 
12228 1936 1324 1184 880 473 379 170 
12228 1936 1324 1184 880 473 379 170 
12228 1936 1324 1184 880 473 379 170 
12228 1936 1324 1184 880 473 379 170 
12228 1936 1324 1184 880 473 379 170 
12228 1936 1324 1184 880 473 379 170 
12228 1936 1324 1184 880 473 379 170 
12228 1936 1324 1184 880 473 379 170 
12228 1936 1324 1184 880 473 379 170 
12228 1936 1324 1184 880 473 379 170 
10172 6594 5369 2881 2035 1166 808 630 490 
10172 6594 5369 2881 2035 1166 808 630 490 
10172 6594 5369 2881 2035 1166 808 630 490 
10172 6594 5369 2881 2035 1166 808 630 490 
10172 6594 5369 2881 2035 1166 808 630 490 
10172 6594 5369 2881 2035 1166 808 630 490 
10172 6594 5369 2881 2035 1166 808 630 490 
10172 6594 5369 2881 2035 1166 808 630 490 
10172 6594 5369 2881 2035 1166 808 630 490 
10172 6594 5369 2881 2035 1166 808 630 490 
7394 7120 3204 2374 1796 1274 809 568 102 
7394 7120 3204 2374 1796 1274 809 568 102 
7394 7120 3204 2374 1796 1274 809 568 102 
7394 7120 3204 2374 1796 1274 809 568 102 
7394 7120 3204 2374 1796 1274 809 568 102 
7394 7120 3204 2374 1796 1274 809 568 102 
7394 7120 3204 2374 1796 1274 809 568 102 
7394 7120 3204 2374 1796 1274 809 568 102 
7394 7120 3204 2374 1796 1274 809 568 102 
7394 7120 3204 2374 1796 1274 809 568 102 
8419 5844 3894 2151 1454 845 514 106 
8419 5844 3894 2151 1454 845 514 106 
8419 5844 3894 2151 1454 845 514 106 
8419 5844 3894 2151 1454 845 514 106 
8419 5844 3894 2151 1454 845 514 106 
8419 5844 3894 2151 1454 845 514 106 
8419 5844 3894 2151 1454 845 514 106 
8419 5844 3894 2151 1454 845 514 106 
8419 5844 3894 2151 1454 845 514 106 
8419 5844 3894 2151 1454 845 514 106 
6596 6479 5102 3004 1916 1267 346 
6596 6479 5102 3004 1916 1267 346 
6596 6479 5102 3004 1916 1267 346 
6596 6479 5102 3004 1916 1267 346 
6596 6479 5102 3004 1916 1267 346 
6596 6479 5102 3004 1916 1267 346 
6596 6479 5102 3004 1916 1267 346 
6596 6479 5102 3004 1916 1267 346 
6596 6479 5102 3004 1916 1267 346 
6596 6479 5102 3004 1916 1267 346 
6952 4125 2639 1463 664 
10346 2975 1883 662 
6952 4125 2639 1463 664 
10346 2975 1883 662 
6952 4125 2639 1463 664 
10346 2975 1883 662 
6952 4125 2639 1463 664 
10346 2975 1883 662 
6952 4125 2639 1463 664 
10346 2975 1883 662 
6952 4125 2639 1463 664 
10346 2975 1883 662 
6952 4125 2639 1463 664 
10346 2975 1883 662 
6952 4125 2639 1463 664 
10346 2975 1883 662 
6952 4125 2639 1463 664 
10346 2975 1883 662 
6952 4125 2639 1463 664 
10346 2975 1883 662 
7992 5025 2669 2164 1714 881 461 381 199 
7992 5025 2669 2164 1714 881 461 381 199 
7992 5025 2669 2164 1714 881 461 381 199 
7992 5025 2669 2164 1714 881 461 381 199 
7992 5025 2669 2164 1714 881 461 381 199 
7992 5025 2669 2164 1714 881 461 381 199 
7992 5025 2669 2164 1714 881 461 381 199 
7992 5025 2669 2164 1714 881 461 381 199 
7992 5025 2669 2164 1714 881 461 381 199 
7992 5025 2669 2164 1714 881 461 381 199 
6740 3960 1886 1812 370 267 
14215 541 281 
6740 3960 1886 1812 370 267 
14215 541 281 
6740 3960 1886 1812 370 267 
14215 541 281 
6740 3960 1886 1812 370 267 
14215 541 281 
6740 3960 1886 1812 370 267 
14215 541 281 
6740 3960 1886 1812 370 267 
14215 541 281 
6740 3960 1886 1812 370 267 
14215 541 281 
6740 3960 1886 1812 370 267 
14215 541 281 
6740 3960 1886 1812 370 267 
14215 541 281 
6740 3960 1886 1812 370 267 
14215 541 281 
11041 7189 6132 2768 1598 1238 814 418 
11041 7189 6132 2768 1598 1238 814 418 
11041 7189 6132 2768 1598 1238 814 418 
11041 7189 6132 2768 1598 1238 814 418 
11041 7189 6132 2768 1598 1238 814 418 
11041 7189 6132 2768 1598 1238 814 418 
11041 7189 6132 2768 1598 1238 814 418 
11041 7189 6132 2768 1598 1238 814 418 
11041 7189 6132 2768 1598 1238 814 418 
11041 7189 6132 2768 1598 1238 814 418 
7473 5707 1924 1197 419 
9497 4414 1678 753 394 
7473 5707 1924 1197 419 
9497 4414 1678 753 394 
7473 5707 1924 1197 419 
9497 4414 1678 753 394 
7473 5707 1924 1197 419 
9497 4414 1678 753 394 
7473 5707 1924 1197 419 
9497 4414 1678 753 394 
7473 5707 1924 1197 419 
9497 4414 1678 753 394 
7473 5707 1924 1197 419 
9497 4414 1678 753 394 
7473 5707 1924 1197 419 
9497 4414 1678 753 394 
7473 5707 1924 1197 419 
9497 4414 1678 753 394 
7473 5707 1924 1197 419 
9497 4414 1678 753 394 
6083 3722 2980 2039 1478 913 774 263 
6083 3722 2980 2039 1478 913 774 263 
6083 3722 2980 2039 1478 913 774 263 
6083 3722 2980 2039 1478 913 774 263 
6083 3722 2980 2039 1478 913 774 263 
6083 3722 2980 2039 1478 913 774 263 
6083 3722 2980 2039 1478 913 774 263 
6083 3722 2980 2039 1478 913 774 263 
6083 3722 2980 2039 1478 913 774 263 
6083 3722 2980 2039 1478 913 774 263 
15701 6027 3536 2296 1881 799 524 87 
15701 6027 3536 2296 1881 799 524 87 
15701 6027 3536 2296 1881 799 524 87 
15701 6027 3536 2296 1881 799 524 87 
15701 6027 3536 2296 1881 799 524 87 
15701 6027 3536 2296 1881 799 524 87 
15701 6027 3536 2296 1881 799 524 87 
15701 6027 3536 2296 1881 799 524 87 
15701 6027 3536 2296 1881 799 524 87 
15701 6027 3536 2296 1881 799 524 87 
6336 5568 2707 1547 1199 973 489 346 164 20 
6336 5568 2707 1547 1199 973 489 346 164 20 
6336 5568 2707 1547 1199 973 489 346 164 20 
6336 5568 2707 1547 1199 973 489 346 164 20 
6336 5568 2707 1547 1199 973 489 346 164 20 
6336 5568 2707 1547 1199 973 489 346 164 20 
6336 5568 2707 1547 1199 973 489 346 164 20 
6336 5568 2707 1547 1199 973 489 346 164 20 
6336 5568 2707 1547 1199 973 489 346 164 20 
6336 5568 2707 1547 1199 973 489 346 164 20 
7823 6089 3292 1481 
18185 557 
7823 6089 3292 1481 
18185 557 
7823 6089 3292 1481 
18185 557 
7823 6089 3292 1481 
18185 557 
7823 6089 3292 1481 
18185 557 
7823 6089 3292 1481 
18185 557 
7823 6089 3292 1481 
18185 557 
7823 6089 3292 1481 
18185 557 
7823 6089 3292 1481 
18185 557 
7823 6089 3292 1481 
18185 557 
7524 6924 2234 561 197 
11424 4306 1229 490 
7524 6924 2234 561 197 
11424 4306 1229 490 
7524 6924 2234 561 197 
11424 4306 1229 490 
7524 6924 2234 561 197 
11424 4306 1229 490 
7524 6924 2234 561 197 
11424 4306 1229 490 
7524 6924 2234 561 197 
11424 4306 1229 490 
7524 6924 2234 561 197 
11424 4306 1229 490 
7524 6924 2234 561 197 
11424 4306 1229 490 
7524 6924 2234 561 197 
11424 4306 1229 490 
7524 6924 2234 561 197 
11424 4306 1229 490 
16728 1058 
9951 3804 2770 1219 45 
16728 1058 
9951 3804 2770 1219 45 
16728 1058 
9951 3804 2770 1219 45 
16728 1058 
9951 3804 2770 1219 45 
16728 1058 
9951 3804 2770 1219 45 
16728 1058 
9951 3804 2770 1219 45 
16728 1058 
9951 3804 2770 1219 45 
16728 1058 
9951 3804 2770 1219 45 
16728 1058 
9951 3804 2770 1219 45 
16728 1058 
9951 3804 2770 1219 45 
28932 1659 1099 494 271 
28932 1659 1099 494 271 
28932 1659 1099 494 271 
28932 1659 1099 494 271 
28932 1659 1099 494 271 
28932 1659 1099 494 271 
28932 1659 1099 494 271 
28932 1659 1099 494 271 
28932 1659 1099 494 271 
28932 1659 1099 494 271 
7260 6711 3347 2586 1456 1212 231 164 
7260 6711 3347 2586 1456 1212 231 164 
7260 6711 3347 2586 1456 1212 231 164 
7260 6711 3347 2586 1456 1212 231 164 
7260 6711 3347 2586 1456 1212 231 164 
7260 6711 3347 2586 1456 1212 231 164 
7260 6711 3347 2586 1456 1212 231 164 
7260 6711 3347 2586 1456 1212 231 164 
7260 6711 3347 2586 1456 1212 231 164 
7260 6711 3347 2586 1456 1212 231 164 
32684 463 
32684 463 
32684 463 
32684 463 
32684 463 
32684 463 
32684 463 
32684 463 
32684 463 
32684 463 
9853 2971 2066 1879 1611 1503 857 605 400 215 
9853 2971 2066 1879 1611 1503 857 605 400 215 
9853 2971 2066 1879 1611 1503 857 605 400 215 
9853 2971 2066 1879 1611 1503 857 605 400 215 
9853 2971 2066 1879 1611 1503 857 605 400 215 
9853 2971 2066 1879 1611 1503 857 605 400 215 
9853 2971 2066 1879 1611 1503 857 605 400 215 
9853 2971 2066 1879 1611 1503 857 605 400 215 
9853 2971 2066 1879 1611 1503 857 605 400 215 
9853 2971 2066 1879 1611 1503 857 605 400 215 
16165 3890 1606 971 667 427 30 
16165 3890 1606 971 667 427 30 
16165 3890 1606 971 667 427 30 
16165 3890 1606 971 667 427 30 
16165 3890 1606 971 667 427 30 
16165 3890 1606 971 667 427 30 
16165 3890 1606 971 667 427 30 
16165 3890 1606 971 667 427 30 
16165 3890 1606 971 667 427 30 
16165 3890 1606 971 667 427 30 
13851 4908 2999 1773 1337 787 476 267 88 
13851 4908 2999 1773 1337 787 476 267 88 
13851 4908 2999 1773 1337 787 476 267 88 
13851 4908 2999 1773 1337 787 476 267 88 
13851 4908 2999 1773 1337 787 476 267 88 
13851 4908 2999 1773 1337 787 476 267 88 
13851 4908 2999 1773 1337 787 476 267 88 
13851 4908 2999 1773 1337 787 476 267 88 
13851 4908 2999 1773 1337 787 476 267 88 
13851 4908 2999 1773 1337 787 476 267 88 
19505 2468 1695 1360 542 353 330 
19505 2468 1695 1360 542 353 330 
19505 2468 1695 1360 542 353 330 
19505 2468 1695 1360 542 353 330 
19505 2468 1695 1360 542 353 330 
19505 2468 1695 1360 542 353 330 
19505 2468 1695 1360 542 353 330 
19505 2468 1695 1360 542 353 330 
19505 2468 1695 1360 542 353 330 
19505 2468 1695 1360 542 353 330 
12566 2176 1149 580 
10698 2908 1489 840 544 
12566 2176 1149 580 
10698 2908 1489 840 544 
12566 2176 1149 580 
10698 2908 1489 840 544 
12566 2176 1149 580 
10698 2908 1489 840 544 
12566 2176 1149 580 
10698 2908 1489 840 544 
12566 2176 1149 580 
10698 2908 1489 840 544 
12566 2176 1149 580 
10698 2908 1489 840 544 
12566 2176 1149 580 
10698 2908 1489 840 544 
12566 2176 1149 580 
10698 2908 1489 840 544 
12566 2176 1149 580 
10698 2908 1489 840 544 
8938 6450 2851 1096 540 445 181 162 157 151 144 
8938 6450 2851 1096 540 445 181 162 157 151 144 
8938 6450 2851 1096 540 445 181 162 157 151 144 
8938 6450 2851 1096 540 445 181 162 157 151 144 
8938 6450 2851 1096 540 445 181 162 157 151 144 
8938 6450 2851 1096 540 445 181 162 157 151 144 
8938 6450 2851 1096 540 445 181 162 157 151 144 
8938 6450 2851 1096 540 445 181 162 157 151 144 
8938 6450 2851 1096 540 445 181 162 157 151 144 
8938 6450 2851 1096 540 445 181 162 157 151 144 
2091 1594 301 180 173 165 160 156 149 144 142 137 
2091 1594 301 180 173 165 160 156 149 144 142 137 
2091 1594 301 180 173 165 160 156 149 144 142 137 
2091 1594 301 180 173 165 160 156 149 144 142 137 
2091 1594 301 180 173 165 160 156 149 144 142 137 
2091 1594 301 180 173 165 160 156 149 144 142 137 
2091 1594 301 180 173 165 160 156 149 144 142 137 
2091 1594 301 180 173 165 160 156 149 144 142 137 
2091 1594 301 180 173 165 160 156 149 144 142 137 
2091 1594 301 180 173 165 160 156 149 144 142 137 
6577 157 153 149 144 142 139 132 
6577 157 153 149 144 142 139 132 
6577 157 153 149 144 142 139 132 
6577 157 153 149 144 142 139 132 
6577 157 153 149 144 142 139 132 
6577 157 153 149 144 142 139 132 
6577 157 153 149 144 142 139 132 
6577 157 153 149 144 142 139 132 
6577 157 153 149 144 142 139 132 
6577 157 153 149 144 142 139 132 
7663 6992 2172 972 398 162 154 147 
7663 6992 2172 972 398 162 154 147 
7663 6992 2172 972 398 162 154 147 
7663 6992 2172 972 398 162 154 147 
7663 6992 2172 972 398 162 154 147 
7663 6992 2172 972 398 162 154 147 
7663 6992 2172 972 398 162 154 147 
7663 6992 2172 972 398 162 154 147 
7663 6992 2172 972 398 162 154 147 
7663 6992 2172 972 398 162 154 147 
11212 5713 4397 3201 
8787 7435 4869 3422 100 
11212 5713 4397 3201 
8787 7435 4869 3422 100 
11212 5713 4397 3201 
8787 7435 4869 3422 100 
11212 5713 4397 3201 
8787 7435 4869 3422 100 
11212 5713 4397 3201 
8787 7435 4869 3422 100 
11212 5713 4397 3201 
8787 7435 4869 3422 100 
11212 5713 4397 3201 
8787 7435 4869 3422 100 
11212 5713 4397 3201 
8787 7435 4869 3422 100 
11212 5713 4397 3201 
8787 7435 4869 3422 100 
11212 5713 4397 3201 
8787 7435 4869 3422 100 
14296 6591 3715 1457 741 
24265 2004 536 
14296 6591 3715 1457 741 
24265 2004 536 
14296 6591 3715 1457 741 
24265 2004 536 
14296 6591 3715 1457 741 
24265 2004 536 
14296 6591 3715 1457 741 
24265 2004 536 
14296 6591 3715 1457 741 
24265 2004 536 
14296 6591 3715 1457 741 
24265 2004 536 
14296 6591 3715 1457 741 
24265 2004 536 
14296 6591 3715 1457 741 
24265 2004 536 
14296 6591 3715 1457 741 
24265 2004 536 
9696 2780 1684 916 325 
7049 3488 2409 1350 721 409 
9696 2780 1684 916 325 
7049 3488 2409 1350 721 409 
9696 2780 1684 916 325 
7049 3488 2409 1350 721 409 
9696 2780 1684 916 325 
7049 3488 2409 1350 721 409 
9696 2780 1684 916 325 
7049 3488 2409 1350 721 409 
9696 2780 1684 916 325 
7049 3488 2409 1350 721 409 
9696 2780 1684 916 325 
7049 3488 2409 1350 721 409 
9696 2780 1684 916 325 
7049 3488 2409 1350 721 409 
9696 2780 1684 916 325 
7049 3488 2409 1350 721 409 
9696 2780 1684 916 325 
7049 3488 2409 1350 721 409 
22198 4439 2248 1527 986 563 438 78 
22198 4439 2248 1527 986 563 438 78 
22198 4439 2248 1527 986 563 438 78 
22198 4439 2248 1527 986 563 438 78 
22198 4439 2248 1527 986 563 438 78 
22198 4439 2248 1527 986 563 438 78 
22198 4439 2248 1527 986 563 438 78 
22198 4439 2248 1527 986 563 438 78 
22198 4439 2248 1527 986 563 438 78 
22198 4439 2248 1527 986 563 438 78 
12240 4190 2623 1512 214 110 
10883 5029 3040 1599 269 76 
12240 4190 2623 1512 214 110 
10883 5029 3040 1599 269 76 
12240 4190 2623 1512 214 110 
10883 5029 3040 1599 269 76 
12240 4190 2623 1512 214 110 
10883 5029 3040 1599 269 76 
12240 4190 2623 1512 214 110 
10883 5029 3040 1599 269 76 
12240 4190 2623 1512 214 110 
10883 5029 3040 1599 269 76 
12240 4190 2623 1512 214 110 
10883 5029 3040 1599 269 76 
12240 4190 2623 1512 214 110 
10883 5029 3040 1599 269 76 
12240 4190 2623 1512 214 110 
10883 5029 3040 1599 269 76 
12240 4190 2623 1512 214 110 
10883 5029 3040 1599 269 76 
11569 5195 2803 1757 249 
17292 2637 1600 33 20 
11569 5195 2803 1757 249 
17292 2637 1600 33 20 
11569 5195 2803 1757 249 
17292 2637 1600 33 20 
11569 5195 2803 1757 249 
17292 2637 1600 33 20 
11569 5195 2803 1757 249 
17292 2637 1600 33 20 
11569 5195 2803 1757 249 
17292 2637 1600 33 20 
11569 5195 2803 1757 249 
17292 2637 1600 33 20 
11569 5195 2803 1757 249 
17292 2637 1600 33 20 
11569 5195 2803 1757 249 
17292 2637 1600 33 20 
11569 5195 2803 1757 249 
17292 2637 1600 33 20 
14684 2624 1296 895 
15501 2551 1095 368 
14684 2624 1296 895 
15501 2551 1095 368 
14684 2624 1296 895 
15501 2551 1095 368 
14684 2624 1296 895 
15501 2551 1095 368 
14684 2624 1296 895 
15501 2551 1095 368 
14684 2624 1296 895 
15501 2551 1095 368 
14684 2624 1296 895 
15501 2551 1095 368 
14684 2624 1296 895 
15501 2551 1095 368 
14684 2624 1296 895 
15501 2551 1095 368 
14684 2624 1296 895 
15501 2551 1095 368 
7210 5588 4061 2575 1597 59 
14849 3501 1793 900 35 25 
7210 5588 4061 2575 1597 59 
14849 3501 1793 900 35 25 
7210 5588 4061 2575 1597 59 
14849 3501 1793 900 35 25 
7210 5588 4061 2575 1597 59 
14849 3501 1793 900 35 25 
7210 5588 4061 2575 1597 59 
14849 3501 1793 900 35 25 
7210 5588 4061 2575 1597 59 
14849 3501 1793 900 35 25 
7210 5588 4061 2575 1597 59 
14849 3501 1793 900 35 25 
7210 5588 4061 2575 1597 59 
14849 3501 1793 900 35 25 
7210 5588 4061 2575 1597 59 
14849 3501 1793 900 35 25 
7210 5588 4061 2575 1597 59 
14849 3501 1793 900 35 25 
5669 4584 4087 2352 695 
7237 4511 3277 1267 1062 43 
5669 4584 4087 2352 695 
7237 4511 3277 1267 1062 43 
5669 4584 4087 2352 695 
7237 4511 3277 1267 1062 43 
5669 4584 4087 2352 695 
7237 4511 3277 1267 1062 43 
5669 4584 4087 2352 695 
7237 4511 3277 1267 1062 43 
5669 4584 4087 2352 695 
7237 4511 3277 1267 1062 43 
5669 4584 4087 2352 695 
7237 4511 3277 1267 1062 43 
5669 4584 4087 2352 695 
7237 4511 3277 1267 1062 43 
5669 4584 4087 2352 695 
7237 4511 3277 1267 1062 43 
5669 4584 4087 2352 695 
7237 4511 3277 1267 1062 43 
7305 6251 2889 1870 694 17 
12949 3630 1763 693 
7305 6251 2889 1870 694 17 
12949 3630 1763 693 
7305 6251 2889 1870 694 17 
12949 3630 1763 693 
7305 6251 2889 1870 694 17 
12949 3630 1763 693 
7305 6251 2889 1870 694 17 
12949 3630 1763 693 
7305 6251 2889 1870 694 17 
12949 3630 1763 693 
7305 6251 2889 1870 694 17 
12949 3630 1763 693 
7305 6251 2889 1870 694 17 
12949 3630 1763 693 
7305 6251 2889 1870 694 17 
12949 3630 1763 693 
7305 6251 2889 1870 694 17 
12949 3630 1763 693 
18574 4134 2602 1608 96 
9922 8691 3934 2652 1710 111 
18574 4134 2602 1608 96 
9922 8691 3934 2652 1710 111 
18574 4134 2602 1608 96 
9922 8691 3934 2652 1710 111 
18574 4134 2602 1608 96 
9922 8691 3934 2652 1710 111 
18574 4134 2602 1608 96 
9922 8691 3934 2652 1710 111 
18574 4134 2602 1608 96 
9922 8691 3934 2652 1710 111 
18574 4134 2602 1608 96 
9922 8691 3934 2652 1710 111 
18574 4134 2602 1608 96 
9922 8691 3934 2652 1710 111 
18574 4134 2602 1608 96 
9922 8691 3934 2652 1710 111 
18574 4134 2602 1608 96 
9922 8691 3934 2652 1710 111 
10666 3591 2323 871 9 
8395 4368 2882 1190 486 186 
10666 3591 2323 871 9 
8395 4368 2882 1190 486 186 
10666 3591 2323 871 9 
8395 4368 2882 1190 486 186 
10666 3591 2323 871 9 
8395 4368 2882 1190 486 186 
10666 3591 2323 871 9 
8395 4368 2882 1190 486 186 
10666 3591 2323 871 9 
8395 4368 2882 1190 486 186 
10666 3591 2323 871 9 
8395 4368 2882 1190 486 186 
10666 3591 2323 871 9 
8395 4368 2882 1190 486 186 
10666 3591 2323 871 9 
8395 4368 2882 1190 486 186 
10666 3591 2323 871 9 
8395 4368 2882 1190 486 186 
9572 7208 2522 1683 
9594 7112 2759 994 550 
9572 7208 2522 1683 
9594 7112 2759 994 550 
9572 7208 2522 1683 
9594 7112 2759 994 550 
9572 7208 2522 1683 
9594 7112 2759 994 550 
9572 7208 2522 1683 
9594 7112 2759 994 550 
9572 7208 2522 1683 
9594 7112 2759 994 550 
9572 7208 2522 1683 
9594 7112 2759 994 550 
9572 7208 2522 1683 
9594 7112 2759 994 550 
9572 7208 2522 1683 
9594 7112 2759 994 550 
9572 7208 2522 1683 
9594 7112 2759 994 550 
9205 8467 5471 3113 2279 1553 1115 755 
9205 8467 5471 3113 2279 1553 1115 755 
9205 8467 5471 3113 2279 1553 1115 755 
9205 8467 5471 3113 2279 1553 1115 755 
9205 8467 5471 3113 2279 1553 1115 755 
9205 8467 5471 3113 2279 1553 1115 755 
9205 8467 5471 3113 2279 1553 1115 755 
9205 8467 5471 3113 2279 1553 1115 755 
9205 8467 5471 3113 2279 1553 1115 755 
9205 8467 5471 3113 2279 1553 1115 755 
7870 3850 2611 1499 671 225 
8320 3809 2572 1270 654 104 
7870 3850 2611 1499 671 225 
8320 3809 2572 1270 654 104 
7870 3850 2611 1499 671 225 
8320 3809 2572 1270 654 104 
7870 3850 2611 1499 671 225 
8320 3809 2572 1270 654 104 
7870 3850 2611 1499 671 225 
8320 3809 2572 1270 654 104 
7870 3850 2611 1499 671 225 
8320 3809 2572 1270 654 104 
7870 3850 2611 1499 671 225 
8320 3809 2572 1270 654 104 
7870 3850 2611 1499 671 225 
8320 3809 2572 1270 654 104 
7870 3850 2611 1499 671 225 
8320 3809 2572 1270 654 104 
7870 3850 2611 1499 671 225 
8320 3809 2572 1270 654 104 
12010 4445 2865 340 28 
9607 4527 3527 1844 191 
12010 4445 2865 340 28 
9607 4527 3527 1844 191 
12010 4445 2865 340 28 
9607 4527 3527 1844 191 
12010 4445 2865 340 28 
9607 4527 3527 1844 191 
12010 4445 2865 340 28 
9607 4527 3527 1844 191 
12010 4445 2865 340 28 
9607 4527 3527 1844 191 
12010 4445 2865 340 28 
9607 4527 3527 1844 191 
12010 4445 2865 340 28 
9607 4527 3527 1844 191 
12010 4445 2865 340 28 
9607 4527 3527 1844 191 
12010 4445 2865 340 28 
9607 4527 3527 1844 191 
11037 4258 1740 258 
5945 5266 3617 1829 684 
11037 4258 1740 258 
5945 5266 3617 1829 684 
11037 4258 1740 258 
5945 5266 3617 1829 684 
11037 4258 1740 258 
5945 5266 3617 1829 684 
11037 4258 1740 258 
5945 5266 3617 1829 684 
11037 4258 1740 258 
5945 5266 3617 1829 684 
11037 4258 1740 258 
5945 5266 3617 1829 684 
11037 4258 1740 258 
5945 5266 3617 1829 684 
11037 4258 1740 258 
5945 5266 3617 1829 684 
11037 4258 1740 258 
5945 5266 3617 1829 684 
8924 4540 3089 1435 216 
8826 4640 3048 1435 321 
8924 4540 3089 1435 216 
8826 4640 3048 1435 321 
8924 4540 3089 1435 216 
8826 4640 3048 1435 321 
8924 4540 3089 1435 216 
8826 4640 3048 1435 321 
8924 4540 3089 1435 216 
8826 4640 3048 1435 321 
8924 4540 3089 1435 216 
8826 4640 3048 1435 321 
8924 4540 3089 1435 216 
8826 4640 3048 1435 321 
8924 4540 3089 1435 216 
8826 4640 3048 1435 321 
8924 4540 3089 1435 216 
8826 4640 3048 1435 321 
8924 4540 3089 1435 216 
8826 4640 3048 1435 321 
10146 2921 1800 635 
6748 3782 2468 1898 605 23 
10146 2921 1800 635 
6748 3782 2468 1898 605 23 
10146 2921 1800 635 
6748 3782 2468 1898 605 23 
10146 2921 1800 635 
6748 3782 2468 1898 605 23 
10146 2921 1800 635 
6748 3782 2468 1898 605 23 
10146 2921 1800 635 
6748 3782 2468 1898 605 23 
10146 2921 1800 635 
6748 3782 2468 1898 605 23 
10146 2921 1800 635 
6748 3782 2468 1898 605 23 
10146 2921 1800 635 
6748 3782 2468 1898 605 23 
10146 2921 1800 635 
6748 3782 2468 1898 605 23 
11528 4389 2758 1405 610 
10550 5067 2793 1793 448 73 
11528 4389 2758 1405 610 
10550 5067 2793 1793 448 73 
11528 4389 2758 1405 610 
10550 5067 2793 1793 448 73 
11528 4389 2758 1405 610 
10550 5067 2793 1793 448 73 
11528 4389 2758 1405 610 
10550 5067 2793 1793 448 73 
11528 4389 2758 1405 610 
10550 5067 2793 1793 448 73 
11528 4389 2758 1405 610 
10550 5067 2793 1793 448 73 
11528 4389 2758 1405 610 
10550 5067 2793 1793 448 73 
11528 4389 2758 1405 610 
10550 5067 2793 1793 448 73 
11528 4389 2758 1405 610 
10550 5067 2793 1793 448 73 
12034 4813 2201 1137 964 
10097 5890 2538 2080 553 
12034 4813 2201 1137 964 
10097 5890 2538 2080 553 
12034 4813 2201 1137 964 
10097 5890 2538 2080 553 
12034 4813 2201 1137 964 
10097 5890 2538 2080 553 
12034 4813 2201 1137 964 
10097 5890 2538 2080 553 
12034 4813 2201 1137 964 
10097 5890 2538 2080 553 
12034 4813 2201 1137 964 
10097 5890 2538 2080 553 
12034 4813 2201 1137 964 
10097 5890 2538 2080 553 
12034 4813 2201 1137 964 
10097 5890 2538 2080 553 
12034 4813 2201 1137 964 
10097 5890 2538 2080 553 
9173 6007 2476 1490 
7948 6546 3147 1505 68 
9173 6007 2476 1490 
7948 6546 3147 1505 68 
9173 6007 2476 1490 
7948 6546 3147 1505 68 
9173 6007 2476 1490 
7948 6546 3147 1505 68 
9173 6007 2476 1490 
7948 6546 3147 1505 68 
9173 6007 2476 1490 
7948 6546 3147 1505 68 
9173 6007 2476 1490 
7948 6546 3147 1505 68 
9173 6007 2476 1490 
7948 6546 3147 1505 68 
9173 6007 2476 1490 
7948 6546 3147 1505 68 
9173 6007 2476 1490 
7948 6546 3147 1505 68 
7773 6453 3672 2184 1386 32 
12669 5238 2151 1436 28 
7773 6453 3672 2184 1386 32 
12669 5238 2151 1436 28 
7773 6453 3672 2184 1386 32 
12669 5238 2151 1436 28 
7773 6453 3672 2184 1386 32 
12669 5238 2151 1436 28 
7773 6453 3672 2184 1386 32 
12669 5238 2151 1436 28 
7773 6453 3672 2184 1386 32 
12669 5238 2151 1436 28 
7773 6453 3672 2184 1386 32 
12669 5238 2151 1436 28 
7773 6453 3672 2184 1386 32 
12669 5238 2151 1436 28 
7773 6453 3672 2184 1386 32 
12669 5238 2151 1436 28 
7773 6453 3672 2184 1386 32 
12669 5238 2151 1436 28 
8741 8065 5288 3325 2259 1764 1003 550 
8741 8065 5288 3325 2259 1764 1003 550 
8741 8065 5288 3325 2259 1764 1003 550 
8741 8065 5288 3325 2259 1764 1003 550 
8741 8065 5288 3325 2259 1764 1003 550 
8741 8065 5288 3325 2259 1764 1003 550 
8741 8065 5288 3325 2259 1764 1003 550 
8741 8065 5288 3325 2259 1764 1003 550 
8741 8065 5288 3325 2259 1764 1003 550 
8741 8065 5288 3325 2259 1764 1003 550 
16778 2570 1068 
8987 5956 2639 1776 1058 
16778 2570 1068 
8987 5956 2639 1776 1058 
16778 2570 1068 
8987 5956 2639 1776 1058 
16778 2570 1068 
8987 5956 2639 1776 1058 
16778 2570 1068 
8987 5956 2639 1776 1058 
16778 2570 1068 
8987 5956 2639 1776 1058 
16778 2570 1068 
8987 5956 2639 1776 1058 
16778 2570 1068 
8987 5956 2639 1776 1058 
16778 2570 1068 
8987 5956 2639 1776 1058 
16778 2570 1068 
8987 5956 2639 1776 1058 
6237 5212 3939 2403 951 73 
5784 5729 3708 2526 1037 58 
6237 5212 3939 2403 951 73 
5784 5729 3708 2526 1037 58 
6237 5212 3939 2403 951 73 
5784 5729 3708 2526 1037 58 
6237 5212 3939 2403 951 73 
5784 5729 3708 2526 1037 58 
6237 5212 3939 2403 951 73 
5784 5729 3708 2526 1037 58 
6237 5212 3939 2403 951 73 
5784 5729 3708 2526 1037 58 
6237 5212 3939 2403 951 73 
5784 5729 3708 2526 1037 58 
6237 5212 3939 2403 951 73 
5784 5729 3708 2526 1037 58 
6237 5212 3939 2403 951 73 
5784 5729 3708 2526 1037 58 
6237 5212 3939 2403 951 73 
5784 5729 3708 2526 1037 58 
10934 5776 3793 1429 286 
13692 4768 2403 1302 50 28 
10934 5776 3793 1429 286 
13692 4768 2403 1302 50 28 
10934 5776 3793 1429 286 
13692 4768 2403 1302 50 28 
10934 5776 3793 1429 286 
13692 4768 2403 1302 50 28 
10934 5776 3793 1429 286 
13692 4768 2403 1302 50 28 
10934 5776 3793 1429 286 
13692 4768 2403 1302 50 28 
10934 5776 3793 1429 286 
13692 4768 2403 1302 50 28 
10934 5776 3793 1429 286 
13692 4768 2403 1302 50 28 
10934 5776 3793 1429 286 
13692 4768 2403 1302 50 28 
10934 5776 3793 1429 286 
13692 4768 2403 1302 50 28 
4932 4685 3289 1424 774 
6135 4312 3108 1136 420 
4932 4685 3289 1424 774 
6135 4312 3108 1136 420 
4932 4685 3289 1424 774 
6135 4312 3108 1136 420 
4932 4685 3289 1424 774 
6135 4312 3108 1136 420 
4932 4685 3289 1424 774 
6135 4312 3108 1136 420 
4932 4685 3289 1424 774 
6135 4312 3108 1136 420 
4932 4685 3289 1424 774 
6135 4312 3108 1136 420 
4932 4685 3289 1424 774 
6135 4312 3108 1136 420 
4932 4685 3289 1424 774 
6135 4312 3108 1136 420 
4932 4685 3289 1424 774 
6135 4312 3108 1136 420 
20064 1089 392 98 8 
12517 4457 2743 1412 431 80 43 
20064 1089 392 98 8 
12517 4457 2743 1412 431 80 43 
20064 1089 392 98 8 
12517 4457 2743 1412 431 80 43 
20064 1089 392 98 8 
12517 4457 2743 1412 431 80 43 
20064 1089 392 98 8 
12517 4457 2743 1412 431 80 43 
20064 1089 392 98 8 
12517 4457 2743 1412 431 80 43 
20064 1089 392 98 8 
12517 4457 2743 1412 431 80 43 
20064 1089 392 98 8 
12517 4457 2743 1412 431 80 43 
20064 1089 392 98 8 
12517 4457 2743 1412 431 80 43 
20064 1089 392 98 8 
12517 4457 2743 1412 431 80 43 
7135 5333 5016 3601 2242 1716 998 503 89 
7135 5333 5016 3601 2242 1716 998 503 89 
7135 5333 5016 3601 2242 1716 998 503 89 
7135 5333 5016 3601 2242 1716 998 503 89 
7135 5333 5016 3601 2242 1716 998 503 89 
7135 5333 5016 3601 2242 1716 998 503 89 
7135 5333 5016 3601 2242 1716 998 503 89 
7135 5333 5016 3601 2242 1716 998 503 89 
7135 5333 5016 3601 2242 1716 998 503 89 
7135 5333 5016 3601 2242 1716 998 503 89 
10051 5931 3730 2541 1091 
22223 1136 
10051 5931 3730 2541 1091 
22223 1136 
10051 5931 3730 2541 1091 
22223 1136 
10051 5931 3730 2541 1091 
22223 1136 
10051 5931 3730 2541 1091 
22223 1136 
10051 5931 3730 2541 1091 
22223 1136 
10051 5931 3730 2541 1091 
22223 1136 
10051 5931 3730 2541 1091 
22223 1136 
10051 5931 3730 2541 1091 
22223 1136 
10051 5931 3730 2541 1091 
22223 1136 
8918 7549 4337 3670 2743 1886 1124 
8918 7549 4337 3670 2743 1886 1124 
8918 7549 4337 3670 2743 1886 1124 
8918 7549 4337 3670 2743 1886 1124 
8918 7549 4337 3670 2743 1886 1124 
8918 7549 4337 3670 2743 1886 1124 
8918 7549 4337 3670 2743 1886 1124 
8918 7549 4337 3670 2743 1886 1124 
8918 7549 4337 3670 2743 1886 1124 
8918 7549 4337 3670 2743 1886 1124 
12270 1733 1341 731 308 
5855 5447 2258 1574 1258 
12270 1733 1341 731 308 
5855 5447 2258 1574 1258 
12270 1733 1341 731 308 
5855 5447 2258 1574 1258 
12270 1733 1341 731 308 
5855 5447 2258 1574 1258 
12270 1733 1341 731 308 
5855 5447 2258 1574 1258 
12270 1733 1341 731 308 
5855 5447 2258 1574 1258 
12270 1733 1341 731 308 
5855 5447 2258 1574 1258 
12270 1733 1341 731 308 
5855 5447 2258 1574 1258 
12270 1733 1341 731 308 
5855 5447 2258 1574 1258 
12270 1733 1341 731 308 
5855 5447 2258 1574 1258 
15534 1670 490 273 23 
11350 3525 1774 1255 89 
15534 1670 490 273 23 
11350 3525 1774 1255 89 
15534 1670 490 273 23 
11350 3525 1774 1255 89 
15534 1670 490 273 23 
11350 3525 1774 1255 89 
15534 1670 490 273 23 
11350 3525 1774 1255 89 
15534 1670 490 273 23 
11350 3525 1774 1255 89 
15534 1670 490 273 23 
11350 3525 1774 1255 89 
15534 1670 490 273 23 
11350 3525 1774 1255 89 
15534 1670 490 273 23 
11350 3525 1774 1255 89 
15534 1670 490 273 23 
11350 3525 1774 1255 89 
6948 4773 2628 1711 104 
8814 3581 2141 1524 110 
6948 4773 2628 1711 104 
8814 3581 2141 1524 110 
6948 4773 2628 1711 104 
8814 3581 2141 1524 110 
6948 4773 2628 1711 104 
8814 3581 2141 1524 110 
6948 4773 2628 1711 104 
8814 3581 2141 1524 110 
6948 4773 2628 1711 104 
8814 3581 2141 1524 110 
6948 4773 2628 1711 104 
8814 3581 2141 1524 110 
6948 4773 2628 1711 104 
8814 3581 2141 1524 110 
6948 4773 2628 1711 104 
8814 3581 2141 1524 110 
6948 4773 2628 1711 104 
8814 3581 2141 1524 110 
16523 3904 2610 1602 1179 620 257 
16523 3904 2610 1602 1179 620 257 
16523 3904 2610 1602 1179 620 257 
16523 3904 2610 1602 1179 620 257 
16523 3904 2610 1602 1179 620 257 
16523 3904 2610 1602 1179 620 257 
16523 3904 2610 1602 1179 620 257 
16523 3904 2610 1602 1179 620 257 
16523 3904 2610 1602 1179 620 257 
16523 3904 2610 1602 1179 620 257 
9457 4259 3242 1401 598 
15547 2083 1246 99 
9457 4259 3242 1401 598 
15547 2083 1246 99 
9457 4259 3242 1401 598 
15547 2083 1246 99 
9457 4259 3242 1401 598 
15547 2083 1246 99 
9457 4259 3242 1401 598 
15547 2083 1246 99 
9457 4259 3242 1401 598 
15547 2083 1246 99 
9457 4259 3242 1401 598 
15547 2083 1246 99 
9457 4259 3242 1401 598 
15547 2083 1246 99 
9457 4259 3242 1401 598 
15547 2083 1246 99 
9457 4259 3242 1401 598 
15547 2083 1246 99 
10495 2443 1457 1164 
13742 1281 518 57 
10495 2443 1457 1164 
13742 1281 518 57 
10495 2443 1457 1164 
13742 1281 518 57 
10495 2443 1457 1164 
13742 1281 518 57 
10495 2443 1457 1164 
13742 1281 518 57 
10495 2443 1457 1164 
13742 1281 518 57 
10495 2443 1457 1164 
13742 1281 518 57 
10495 2443 1457 1164 
13742 1281 518 57 
10495 2443 1457 1164 
13742 1281 518 57 
10495 2443 1457 1164 
13742 1281 518 57 
7333 5301 3666 2467 1169 13 
11350 3696 2775 1699 431 
7333 5301 3666 2467 1169 13 
11350 3696 2775 1699 431 
7333 5301 3666 2467 1169 13 
11350 3696 2775 1699 431 
7333 5301 3666 2467 1169 13 
11350 3696 2775 1699 431 
7333 5301 3666 2467 1169 13 
11350 3696 2775 1699 431 
7333 5301 3666 2467 1169 13 
11350 3696 2775 1699 431 
7333 5301 3666 2467 1169 13 
11350 3696 2775 1699 431 
7333 5301 3666 2467 1169 13 
11350 3696 2775 1699 431 
7333 5301 3666 2467 1169 13 
11350 3696 2775 1699 431 
7333 5301 3666 2467 1169 13 
11350 3696 2775 1699 431 
13343 5234 3632 2501 1980 1515 1102 471 
13343 5234 3632 2501 1980 1515 1102 471 
13343 5234 3632 2501 1980 1515 1102 471 
13343 5234 3632 2501 1980 1515 1102 471 
13343 5234 3632 2501 1980 1515 1102 471 
13343 5234 3632 2501 1980 1515 1102 471 
13343 5234 3632 2501 1980 1515 1102 471 
13343 5234 3632 2501 1980 1515 1102 471 
13343 5234 3632 2501 1980 1515 1102 471 
13343 5234 3632 2501 1980 1515 1102 471 
19200 
7428 7191 3019 1563 
19200 
7428 7191 3019 1563 
19200 
7428 7191 3019 1563 
19200 
7428 7191 3019 1563 
19200 
7428 7191 3019 1563 
19200 
7428 7191 3019 1563 
19200 
7428 7191 3019 1563 
19200 
7428 7191 3019 1563 
19200 
7428 7191 3019 1563 
19200 
7428 7191 3019 1563 
12180 1557 1029 753 36 
10365 2655 1554 1005 
12180 1557 1029 753 36 
10365 2655 1554 1005 
12180 1557 1029 753 36 
10365 2655 1554 1005 
12180 1557 1029 753 36 
10365 2655 1554 1005 
12180 1557 1029 753 36 
10365 2655 1554 1005 
12180 1557 1029 753 36 
10365 2655 1554 1005 
12180 1557 1029 753 36 
10365 2655 1554 1005 
12180 1557 1029 753 36 
10365 2655 1554 1005 
12180 1557 1029 753 36 
10365 2655 1554 1005 
12180 1557 1029 753 36 
10365 2655 1554 1005 
14769 4170 1822 
13527 5629 1429 180 
14769 4170 1822 
13527 5629 1429 180 
14769 4170 1822 
13527 5629 1429 180 
14769 4170 1822 
13527 5629 1429 180 
14769 4170 1822 
13527 5629 1429 180 
14769 4170 1822 
13527 5629 1429 180 
14769 4170 1822 
13527 5629 1429 180 
14769 4170 1822 
13527 5629 1429 180 
14769 4170 1822 
13527 5629 1429 180 
14769 4170 1822 
13527 5629 1429 180 
6820 6813 3156 2330 1571 1024 724 227 
6820 6813 3156 2330 1571 1024 724 227 
6820 6813 3156 2330 1571 1024 724 227 
6820 6813 3156 2330 1571 1024 724 227 
6820 6813 3156 2330 1571 1024 724 227 
6820 6813 3156 2330 1571 1024 724 227 
6820 6813 3156 2330 1571 1024 724 227 
6820 6813 3156 2330 1571 1024 724 227 
6820 6813 3156 2330 1571 1024 724 227 
6820 6813 3156 2330 1571 1024 724 227 
21161 4860 3431 2055 1139 991 285 
21161 4860 3431 2055 1139 991 285 
21161 4860 3431 2055 1139 991 285 
21161 4860 3431 2055 1139 991 285 
21161 4860 3431 2055 1139 991 285 
21161 4860 3431 2055 1139 991 285 
21161 4860 3431 2055 1139 991 285 
21161 4860 3431 2055 1139 991 285 
21161 4860 3431 2055 1139 991 285 
21161 4860 3431 2055 1139 991 285 
9278 8248 2322 1661 1396 1063 731 447 
9278 8248 2322 1661 1396 1063 731 447 
9278 8248 2322 1661 1396 1063 731 447 
9278 8248 2322 1661 1396 1063 731 447 
9278 8248 2322 1661 1396 1063 731 447 
9278 8248 2322 1661 1396 1063 731 447 
9278 8248 2322 1661 1396 1063 731 447 
9278 8248 2322 1661 1396 1063 731 447 
9278 8248 2322 1661 1396 1063 731 447 
9278 8248 2322 1661 1396 1063 731 447 
11624 4020 2485 995 321 
11189 4457 2474 1044 270 51 
11624 4020 2485 995 321 
11189 4457 2474 1044 270 51 
11624 4020 2485 995 321 
11189 4457 2474 1044 270 51 
11624 4020 2485 995 321 
11189 4457 2474 1044 270 51 
11624 4020 2485 995 321 
11189 4457 2474 1044 270 51 
11624 4020 2485 995 321 
11189 4457 2474 1044 270 51 
11624 4020 2485 995 321 
11189 4457 2474 1044 270 51 
11624 4020 2485 995 321 
11189 4457 2474 1044 270 51 
11624 4020 2485 995 321 
11189 4457 2474 1044 270 51 
11624 4020 2485 995 321 
11189 4457 2474 1044 270 51 
9597 2159 1442 814 534 47 
9062 2519 1491 1127 453 
9597 2159 1442 814 534 47 
9062 2519 1491 1127 453 
9597 2159 1442 814 534 47 
9062 2519 1491 1127 453 
9597 2159 1442 814 534 47 
9062 2519 1491 1127 453 
9597 2159 1442 814 534 47 
9062 2519 1491 1127 453 
9597 2159 1442 814 534 47 
9062 2519 1491 1127 453 
9597 2159 1442 814 534 47 
9062 2519 1491 1127 453 
9597 2159 1442 814 534 47 
9062 2519 1491 1127 453 
9597 2159 1442 814 534 47 
9062 2519 1491 1127 453 
9597 2159 1442 814 534 47 
9062 2519 1491 1127 453 
9192 7795 3304 1432 1050 
13214 4827 3067 1225 444 
9192 7795 3304 1432 1050 
13214 4827 3067 1225 444 
9192 7795 3304 1432 1050 
13214 4827 3067 1225 444 
9192 7795 3304 1432 1050 
13214 4827 3067 1225 444 
9192 7795 3304 1432 1050 
13214 4827 3067 1225 444 
9192 7795 3304 1432 1050 
13214 4827 3067 1225 444 
9192 7795 3304 1432 1050 
13214 4827 3067 1225 444 
9192 7795 3304 1432 1050 
13214 4827 3067 1225 444 
9192 7795 3304 1432 1050 
13214 4827 3067 1225 444 
9192 7795 3304 1432 1050 
13214 4827 3067 1225 444 
6785 5078 3783 1701 1450 
7499 4559 3382 2264 932 219 
6785 5078 3783 1701 1450 
7499 4559 3382 2264 932 219 
6785 5078 3783 1701 1450 
7499 4559 3382 2264 932 219 
6785 5078 3783 1701 1450 
7499 4559 3382 2264 932 219 
6785 5078 3783 1701 1450 
7499 4559 3382 2264 932 219 
6785 5078 3783 1701 1450 
7499 4559 3382 2264 932 219 
6785 5078 3783 1701 1450 
7499 4559 3382 2264 932 219 
6785 5078 3783 1701 1450 
7499 4559 3382 2264 932 219 
6785 5078 3783 1701 1450 
7499 4559 3382 2264 932 219 
6785 5078 3783 1701 1450 
7499 4559 3382 2264 932 219 
20060 4359 3664 2691 1750 669 299 51 
20060 4359 3664 2691 1750 669 299 51 
20060 4359 3664 2691 1750 669 299 51 
20060 4359 3664 2691 1750 669 299 51 
20060 4359 3664 2691 1750 669 299 51 
20060 4359 3664 2691 1750 669 299 51 
20060 4359 3664 2691 1750 669 299 51 
20060 4359 3664 2691 1750 669 299 51 
20060 4359 3664 2691 1750 669 299 51 
20060 4359 3664 2691 1750 669 299 51 
6383 6151 3435 810 66 8 
14255 1729 741 132 
6383 6151 3435 810 66 8 
14255 1729 741 132 
6383 6151 3435 810 66 8 
14255 1729 741 132 
6383 6151 3435 810 66 8 
14255 1729 741 132 
6383 6151 3435 810 66 8 
14255 1729 741 132 
6383 6151 3435 810 66 8 
14255 1729 741 132 
6383 6151 3435 810 66 8 
14255 1729 741 132 
6383 6151 3435 810 66 8 
14255 1729 741 132 
6383 6151 3435 810 66 8 
14255 1729 741 132 
6383 6151 3435 810 66 8 
14255 1729 741 132 
6243 6160 3363 1549 427 
15508 1769 455 52 
6243 6160 3363 1549 427 
15508 1769 455 52 
6243 6160 3363 1549 427 
15508 1769 455 52 
6243 6160 3363 1549 427 
15508 1769 455 52 
6243 6160 3363 1549 427 
15508 1769 455 52 
6243 6160 3363 1549 427 
15508 1769 455 52 
6243 6160 3363 1549 427 
15508 1769 455 52 
6243 6160 3363 1549 427 
15508 1769 455 52 
6243 6160 3363 1549 427 
15508 1769 455 52 
6243 6160 3363 1549 427 
15508 1769 455 52 
17150 3509 1528 
8115 6443 4355 2677 530 186 
17150 3509 1528 
8115 6443 4355 2677 530 186 
17150 3509 1528 
8115 6443 4355 2677 530 186 
17150 3509 1528 
8115 6443 4355 2677 530 186 
17150 3509 1528 
8115 6443 4355 2677 530 186 
17150 3509 1528 
8115 6443 4355 2677 530 186 
17150 3509 1528 
8115 6443 4355 2677 530 186 
17150 3509 1528 
8115 6443 4355 2677 530 186 
17150 3509 1528 
8115 6443 4355 2677 530 186 
17150 3509 1528 
8115 6443 4355 2677 530 186 
8862 6335 2764 1254 
8742 6386 2808 1273 21 
8862 6335 2764 1254 
8742 6386 2808 1273 21 
8862 6335 2764 1254 
8742 6386 2808 1273 21 
8862 6335 2764 1254 
8742 6386 2808 1273 21 
8862 6335 2764 1254 
8742 6386 2808 1273 21 
8862 6335 2764 1254 
8742 6386 2808 1273 21 
8862 6335 2764 1254 
8742 6386 2808 1273 21 
8862 6335 2764 1254 
8742 6386 2808 1273 21 
8862 6335 2764 1254 
8742 6386 2808 1273 21 
8862 6335 2764 1254 
8742 6386 2808 1273 21 
15559 1564 1056 62 
13056 2759 1475 939 12 
15559 1564 1056 62 
13056 2759 1475 939 12 
15559 1564 1056 62 
13056 2759 1475 939 12 
15559 1564 1056 62 
13056 2759 1475 939 12 
15559 1564 1056 62 
13056 2759 1475 939 12 
15559 1564 1056 62 
13056 2759 1475 939 12 
15559 1564 1056 62 
13056 2759 1475 939 12 
15559 1564 1056 62 
13056 2759 1475 939 12 
15559 1564 1056 62 
13056 2759 1475 939 12 
15559 1564 1056 62 
13056 2759 1475 939 12 
7956 5570 4304 2719 1898 1540 913 694 
7956 5570 4304 2719 1898 1540 913 694 
7956 5570 4304 2719 1898 1540 913 694 
7956 5570 4304 2719 1898 1540 913 694 
7956 5570 4304 2719 1898 1540 913 694 
7956 5570 4304 2719 1898 1540 913 694 
7956 5570 4304 2719 1898 1540 913 694 
7956 5570 4304 2719 1898 1540 913 694 
7956 5570 4304 2719 1898 1540 913 694 
7956 5570 4304 2719 1898 1540 913 694 
11551 8266 4969 2384 1825 987 466 341 
11551 8266 4969 2384 1825 987 466 341 
11551 8266 4969 2384 1825 987 466 341 
11551 8266 4969 2384 1825 987 466 341 
11551 8266 4969 2384 1825 987 466 341 
11551 8266 4969 2384 1825 987 466 341 
11551 8266 4969 2384 1825 987 466 341 
11551 8266 4969 2384 1825 987 466 341 
11551 8266 4969 2384 1825 987 466 341 
11551 8266 4969 2384 1825 987 466 341 
13602 3358 2095 780 32 
6592 5321 3843 3022 1118 
13602 3358 2095 780 32 
6592 5321 3843 3022 1118 
13602 3358 2095 780 32 
6592 5321 3843 3022 1118 
13602 3358 2095 780 32 
6592 5321 3843 3022 1118 
13602 3358 2095 780 32 
6592 5321 3843 3022 1118 
13602 3358 2095 780 32 
6592 5321 3843 3022 1118 
13602 3358 2095 780 32 
6592 5321 3843 3022 1118 
13602 3358 2095 780 32 
6592 5321 3843 3022 1118 
13602 3358 2095 780 32 
6592 5321 3843 3022 1118 
13602 3358 2095 780 32 
6592 5321 3843 3022 1118 
8463 4172 2742 1517 821 25 
6001 4518 3581 2222 1025 398 
8463 4172 2742 1517 821 25 
6001 4518 3581 2222 1025 398 
8463 4172 2742 1517 821 25 
6001 4518 3581 2222 1025 398 
8463 4172 2742 1517 821 25 
6001 4518 3581 2222 1025 398 
8463 4172 2742 1517 821 25 
6001 4518 3581 2222 1025 398 
8463 4172 2742 1517 821 25 
6001 4518 3581 2222 1025 398 
8463 4172 2742 1517 821 25 
6001 4518 3581 2222 1025 398 
8463 4172 2742 1517 821 25 
6001 4518 3581 2222 1025 398 
8463 4172 2742 1517 821 25 
6001 4518 3581 2222 1025 398 
8463 4172 2742 1517 821 25 
6001 4518 3581 2222 1025 398 
8108 4262 2844 1425 
5575 5062 4128 1852 53 
8108 4262 2844 1425 
5575 5062 4128 1852 53 
8108 4262 2844 1425 
5575 5062 4128 1852 53 
8108 4262 2844 1425 
5575 5062 4128 1852 53 
8108 4262 2844 1425 
5575 5062 4128 1852 53 
8108 4262 2844 1425 
5575 5062 4128 1852 53 
8108 4262 2844 1425 
5575 5062 4128 1852 53 
8108 4262 2844 1425 
5575 5062 4128 1852 53 
8108 4262 2844 1425 
5575 5062 4128 1852 53 
8108 4262 2844 1425 
5575 5062 4128 1852 53 
6159 5320 3724 1346 961 
15977 1174 392 
6159 5320 3724 1346 961 
15977 1174 392 
6159 5320 3724 1346 961 
15977 1174 392 
6159 5320 3724 1346 961 
15977 1174 392 
6159 5320 3724 1346 961 
15977 1174 392 
6159 5320 3724 1346 961 
15977 1174 392 
6159 5320 3724 1346 961 
15977 1174 392 
6159 5320 3724 1346 961 
15977 1174 392 
6159 5320 3724 1346 961 
15977 1174 392 
6159 5320 3724 1346 961 
15977 1174 392 
8358 8209 4799 3955 2270 1743 950 288 
8358 8209 4799 3955 2270 1743 950 288 
8358 8209 4799 3955 2270 1743 950 288 
8358 8209 4799 3955 2270 1743 950 288 
8358 8209 4799 3955 2270 1743 950 288 
8358 8209 4799 3955 2270 1743 950 288 
8358 8209 4799 3955 2270 1743 950 288 
8358 8209 4799 3955 2270 1743 950 288 
8358 8209 4799 3955 2270 1743 950 288 
8358 8209 4799 3955 2270 1743 950 288 
10010 6138 3897 2486 269 
9056 7104 3808 2736 70 40 
10010 6138 3897 2486 269 
9056 7104 3808 2736 70 40 
10010 6138 3897 2486 269 
9056 7104 3808 2736 70 40 
10010 6138 3897 2486 269 
9056 7104 3808 2736 70 40 
10010 6138 3897 2486 269 
9056 7104 3808 2736 70 40 
10010 6138 3897 2486 269 
9056 7104 3808 2736 70 40 
10010 6138 3897 2486 269 
9056 7104 3808 2736 70 40 
10010 6138 3897 2486 269 
9056 7104 3808 2736 70 40 
10010 6138 3897 2486 269 
9056 7104 3808 2736 70 40 
10010 6138 3897 2486 269 
9056 7104 3808 2736 70 40 
6475 4086 3243 2144 905 134 75 
11482 2787 1890 565 362 
6475 4086 3243 2144 905 134 75 
11482 2787 1890 565 362 
6475 4086 3243 2144 905 134 75 
11482 2787 1890 565 362 
6475 4086 3243 2144 905 134 75 
11482 2787 1890 565 362 
6475 4086 3243 2144 905 134 75 
11482 2787 1890 565 362 
6475 4086 3243 2144 905 134 75 
11482 2787 1890 565 362 
6475 4086 3243 2144 905 134 75 
11482 2787 1890 565 362 
6475 4086 3243 2144 905 134 75 
11482 2787 1890 565 362 
6475 4086 3243 2144 905 134 75 
11482 2787 1890 565 362 
6475 4086 3243 2144 905 134 75 
11482 2787 1890 565 362 
31402 1161 391 385 
31402 1161 391 385 
31402 1161 391 385 
31402 1161 391 385 
31402 1161 391 385 
31402 1161 391 385 
31402 1161 391 385 
31402 1161 391 385 
31402 1161 391 385 
31402 1161 391 385 
7390 6265 3374 1358 368 40 
8843 5323 2769 1411 433 27 
7390 6265 3374 1358 368 40 
8843 5323 2769 1411 433 27 
7390 6265 3374 1358 368 40 
8843 5323 2769 1411 433 27 
7390 6265 3374 1358 368 40 
8843 5323 2769 1411 433 27 
7390 6265 3374 1358 368 40 
8843 5323 2769 1411 433 27 
7390 6265 3374 1358 368 40 
8843 5323 2769 1411 433 27 
7390 6265 3374 1358 368 40 
8843 5323 2769 1411 433 27 
7390 6265 3374 1358 368 40 
8843 5323 2769 1411 433 27 
7390 6265 3374 1358 368 40 
8843 5323 2769 1411 433 27 
7390 6265 3374 1358 368 40 
8843 5323 2769 1411 433 27 
8347 6219 3817 2141 777 
11196 5386 3265 1418 78 
8347 6219 3817 2141 777 
11196 5386 3265 1418 78 
8347 6219 3817 2141 777 
11196 5386 3265 1418 78 
8347 6219 3817 2141 777 
11196 5386 3265 1418 78 
8347 6219 3817 2141 777 
11196 5386 3265 1418 78 
8347 6219 3817 2141 777 
11196 5386 3265 1418 78 
8347 6219 3817 2141 777 
11196 5386 3265 1418 78 
8347 6219 3817 2141 777 
11196 5386 3265 1418 78 
8347 6219 3817 2141 777 
11196 5386 3265 1418 78 
8347 6219 3817 2141 777 
11196 5386 3265 1418 78 
10677 5593 3081 1249 
12226 5202 2389 572 204 31 
10677 5593 3081 1249 
12226 5202 2389 572 204 31 
10677 5593 3081 1249 
12226 5202 2389 572 204 31 
10677 5593 3081 1249 
12226 5202 2389 572 204 31 
10677 5593 3081 1249 
12226 5202 2389 572 204 31 
10677 5593 3081 1249 
12226 5202 2389 572 204 31 
10677 5593 3081 1249 
12226 5202 2389 572 204 31 
10677 5593 3081 1249 
12226 5202 2389 572 204 31 
10677 5593 3081 1249 
12226 5202 2389 572 204 31 
10677 5593 3081 1249 
12226 5202 2389 572 204 31 
15660 3047 1875 857 
11922 4976 2537 1656 363 
15660 3047 1875 857 
11922 4976 2537 1656 363 
15660 3047 1875 857 
11922 4976 2537 1656 363 
15660 3047 1875 857 
11922 4976 2537 1656 363 
15660 3047 1875 857 
11922 4976 2537 1656 363 
15660 3047 1875 857 
11922 4976 2537 1656 363 
15660 3047 1875 857 
11922 4976 2537 1656 363 
15660 3047 1875 857 
11922 4976 2537 1656 363 
15660 3047 1875 857 
11922 4976 2537 1656 363 
15660 3047 1875 857 
11922 4976 2537 1656 363 
15435 4679 2998 1453 28 
18478 3564 2518 78 
15435 4679 2998 1453 28 
18478 3564 2518 78 
15435 4679 2998 1453 28 
18478 3564 2518 78 
15435 4679 2998 1453 28 
18478 3564 2518 78 
15435 4679 2998 1453 28 
18478 3564 2518 78 
15435 4679 2998 1453 28 
18478 3564 2518 78 
15435 4679 2998 1453 28 
18478 3564 2518 78 
15435 4679 2998 1453 28 
18478 3564 2518 78 
15435 4679 2998 1453 28 
18478 3564 2518 78 
15435 4679 2998 1453 28 
18478 3564 2518 78 
8362 3570 2719 1396 270 
6590 3972 2744 1542 1075 424 
8362 3570 2719 1396 270 
6590 3972 2744 1542 1075 424 
8362 3570 2719 1396 270 
6590 3972 2744 1542 1075 424 
8362 3570 2719 1396 270 
6590 3972 2744 1542 1075 424 
8362 3570 2719 1396 270 
6590 3972 2744 1542 1075 424 
8362 3570 2719 1396 270 
6590 3972 2744 1542 1075 424 
8362 3570 2719 1396 270 
6590 3972 2744 1542 1075 424 
8362 3570 2719 1396 270 
6590 3972 2744 1542 1075 424 
8362 3570 2719 1396 270 
6590 3972 2744 1542 1075 424 
8362 3570 2719 1396 270 
6590 3972 2744 1542 1075 424 
6667 6272 4285 2494 1991 1453 1239 989 532 
6667 6272 4285 2494 1991 1453 1239 989 532 
6667 6272 4285 2494 1991 1453 1239 989 532 
6667 6272 4285 2494 1991 1453 1239 989 532 
6667 6272 4285 2494 1991 1453 1239 989 532 
6667 6272 4285 2494 1991 1453 1239 989 532 
6667 6272 4285 2494 1991 1453 1239 989 532 
6667 6272 4285 2494 1991 1453 1239 989 532 
6667 6272 4285 2494 1991 1453 1239 989 532 
6667 6272 4285 2494 1991 1453 1239 989 532 
15311 
14112 1168 32 
15311 
14112 1168 32 
15311 
14112 1168 32 
15311 
14112 1168 32 
15311 
14112 1168 32 
15311 
14112 1168 32 
15311 
14112 1168 32 
15311 
14112 1168 32 
15311 
14112 1168 32 
15311 
14112 1168 32 
6672 6488 2879 2362 
18214 200 
6672 6488 2879 2362 
18214 200 
6672 6488 2879 2362 
18214 200 
6672 6488 2879 2362 
18214 200 
6672 6488 2879 2362 
18214 200 
6672 6488 2879 2362 
18214 200 
6672 6488 2879 2362 
18214 200 
6672 6488 2879 2362 
18214 200 
6672 6488 2879 2362 
18214 200 
6672 6488 2879 2362 
18214 200 
9954 6583 4474 3323 2228 1536 1222 738 
9954 6583 4474 3323 2228 1536 1222 738 
9954 6583 4474 3323 2228 1536 1222 738 
9954 6583 4474 3323 2228 1536 1222 738 
9954 6583 4474 3323 2228 1536 1222 738 
9954 6583 4474 3323 2228 1536 1222 738 
9954 6583 4474 3323 2228 1536 1222 738 
9954 6583 4474 3323 2228 1536 1222 738 
9954 6583 4474 3323 2228 1536 1222 738 
9954 6583 4474 3323 2228 1536 1222 738 
25586 917 645 458 
25586 917 645 458 
25586 917 645 458 
25586 917 645 458 
25586 917 645 458 
25586 917 645 458 
25586 917 645 458 
25586 917 645 458 
25586 917 645 458 
25586 917 645 458 
9742 8998 5179 2254 1580 1236 567 215 
9742 8998 5179 2254 1580 1236 567 215 
9742 8998 5179 2254 1580 1236 567 215 
9742 8998 5179 2254 1580 1236 567 215 
9742 8998 5179 2254 1580 1236 567 215 
9742 8998 5179 2254 1580 1236 567 215 
9742 8998 5179 2254 1580 1236 567 215 
9742 8998 5179 2254 1580 1236 567 215 
9742 8998 5179 2254 1580 1236 567 215 
9742 8998 5179 2254 1580 1236 567 215 
5528 4118 3115 2038 1038 589 205 181 
5528 4118 3115 2038 1038 589 205 181 
5528 4118 3115 2038 1038 589 205 181 
5528 4118 3115 2038 1038 589 205 181 
5528 4118 3115 2038 1038 589 205 181 
5528 4118 3115 2038 1038 589 205 181 
5528 4118 3115 2038 1038 589 205 181 
5528 4118 3115 2038 1038 589 205 181 
5528 4118 3115 2038 1038 589 205 181 
5528 4118 3115 2038 1038 589 205 181 
16288 7157 3855 2280 1474 675 420 
16288 7157 3855 2280 1474 675 420 
16288 7157 3855 2280 1474 675 420 
16288 7157 3855 2280 1474 675 420 
16288 7157 3855 2280 1474 675 420 
16288 7157 3855 2280 1474 675 420 
16288 7157 3855 2280 1474 675 420 
16288 7157 3855 2280 1474 675 420 
16288 7157 3855 2280 1474 675 420 
16288 7157 3855 2280 1474 675 420 
14601 3199 1451 475 56 
5781 5720 4111 2368 1105 593 193 
14601 3199 1451 475 56 
5781 5720 4111 2368 1105 593 193 
14601 3199 1451 475 56 
5781 5720 4111 2368 1105 593 193 
14601 3199 1451 475 56 
5781 5720 4111 2368 1105 593 193 
14601 3199 1451 475 56 
5781 5720 4111 2368 1105 593 193 
14601 3199 1451 475 56 
5781 5720 4111 2368 1105 593 193 
14601 3199 1451 475 56 
5781 5720 4111 2368 1105 593 193 
14601 3199 1451 475 56 
5781 5720 4111 2368 1105 593 193 
14601 3199 1451 475 56 
5781 5720 4111 2368 1105 593 193 
14601 3199 1451 475 56 
5781 5720 4111 2368 1105 593 193 
8980 5443 2781 1293 455 23 
10177 5205 2258 964 224 182 
8980 5443 2781 1293 455 23 
10177 5205 2258 964 224 182 
8980 5443 2781 1293 455 23 
10177 5205 2258 964 224 182 
8980 5443 2781 1293 455 23 
10177 5205 2258 964 224 182 
8980 5443 2781 1293 455 23 
10177 5205 2258 964 224 182 
8980 5443 2781 1293 455 23 
10177 5205 2258 964 224 182 
8980 5443 2781 1293 455 23 
10177 5205 2258 964 224 182 
8980 5443 2781 1293 455 23 
10177 5205 2258 964 224 182 
8980 5443 2781 1293 455 23 
10177 5205 2258 964 224 182 
8980 5443 2781 1293 455 23 
10177 5205 2258 964 224 182 
8970 5453 4089 777 
16512 2047 731 
8970 5453 4089 777 
16512 2047 731 
8970 5453 4089 777 
16512 2047 731 
8970 5453 4089 777 
16512 2047 731 
8970 5453 4089 777 
16512 2047 731 
8970 5453 4089 777 
16512 2047 731 
8970 5453 4089 777 
16512 2047 731 
8970 5453 4089 777 
16512 2047 731 
8970 5453 4089 777 
16512 2047 731 
8970 5453 4089 777 
16512 2047 731 
8214 6730 3300 2481 2180 1461 826 504 183 
8214 6730 3300 2481 2180 1461 826 504 183 
8214 6730 3300 2481 2180 1461 826 504 183 
8214 6730 3300 2481 2180 1461 826 504 183 
8214 6730 3300 2481 2180 1461 826 504 183 
8214 6730 3300 2481 2180 1461 826 504 183 
8214 6730 3300 2481 2180 1461 826 504 183 
8214 6730 3300 2481 2180 1461 826 504 183 
8214 6730 3300 2481 2180 1461 826 504 183 
8214 6730 3300 2481 2180 1461 826 504 183 
10363 4615 2369 1237 
8618 5455 3870 270 202 181 
10363 4615 2369 1237 
8618 5455 3870 270 202 181 
10363 4615 2369 1237 
8618 5455 3870 270 202 181 
10363 4615 2369 1237 
8618 5455 3870 270 202 181 
10363 4615 2369 1237 
8618 5455 3870 270 202 181 
10363 4615 2369 1237 
8618 5455 3870 270 202 181 
10363 4615 2369 1237 
8618 5455 3870 270 202 181 
10363 4615 2369 1237 
8618 5455 3870 270 202 181 
10363 4615 2369 1237 
8618 5455 3870 270 202 181 
10363 4615 2369 1237 
8618 5455 3870 270 202 181 
17404 3609 2323 1630 1254 967 741 211 22 
17404 3609 2323 1630 1254 967 741 211 22 
17404 3609 2323 1630 1254 967 741 211 22 
17404 3609 2323 1630 1254 967 741 211 22 
17404 3609 2323 1630 1254 967 741 211 22 
17404 3609 2323 1630 1254 967 741 211 22 
17404 3609 2323 1630 1254 967 741 211 22 
17404 3609 2323 1630 1254 967 741 211 22 
17404 3609 2323 1630 1254 967 741 211 22 
17404 3609 2323 1630 1254 967 741 211 22 
17630 4022 2529 1790 1302 880 569 
17630 4022 2529 1790 1302 880 569 
17630 4022 2529 1790 1302 880 569 
17630 4022 2529 1790 1302 880 569 
17630 4022 2529 1790 1302 880 569 
17630 4022 2529 1790 1302 880 569 
17630 4022 2529 1790 1302 880 569 
17630 4022 2529 1790 1302 880 569 
17630 4022 2529 1790 1302 880 569 
17630 4022 2529 1790 1302 880 569 
16757 2840 2272 1213 774 185 
16757 2840 2272 1213 774 185 
16757 2840 2272 1213 774 185 
16757 2840 2272 1213 774 185 
16757 2840 2272 1213 774 185 
16757 2840 2272 1213 774 185 
16757 2840 2272 1213 774 185 
16757 2840 2272 1213 774 185 
16757 2840 2272 1213 774 185 
16757 2840 2272 1213 774 185 
12133 4492 2441 2119 1474 498 248 188 5 
12133 4492 2441 2119 1474 498 248 188 5 
12133 4492 2441 2119 1474 498 248 188 5 
12133 4492 2441 2119 1474 498 248 188 5 
12133 4492 2441 2119 1474 498 248 188 5 
12133 4492 2441 2119 1474 498 248 188 5 
12133 4492 2441 2119 1474 498 248 188 5 
12133 4492 2441 2119 1474 498 248 188 5 
12133 4492 2441 2119 1474 498 248 188 5 
12133 4492 2441 2119 1474 498 248 188 5 
16290 
5268 5176 2949 1698 1090 62 52 
16290 
5268 5176 2949 1698 1090 62 52 
16290 
5268 5176 2949 1698 1090 62 52 
16290 
5268 5176 2949 1698 1090 62 52 
16290 
5268 5176 2949 1698 1090 62 52 
16290 
5268 5176 2949 1698 1090 62 52 
16290 
5268 5176 2949 1698 1090 62 52 
16290 
5268 5176 2949 1698 1090 62 52 
16290 
5268 5176 2949 1698 1090 62 52 
16290 
5268 5176 2949 1698 1090 62 52 
16049 2020 571 
17113 1102 444 
16049 2020 571 
17113 1102 444 
16049 2020 571 
17113 1102 444 
16049 2020 571 
17113 1102 444 
16049 2020 571 
17113 1102 444 
16049 2020 571 
17113 1102 444 
16049 2020 571 
17113 1102 444 
16049 2020 571 
17113 1102 444 
16049 2020 571 
17113 1102 444 
16049 2020 571 
17113 1102 444 
11104 7059 4380 3302 2111 1341 1144 198 73 
11104 7059 4380 3302 2111 1341 1144 198 73 
11104 7059 4380 3302 2111 1341 1144 198 73 
11104 7059 4380 3302 2111 1341 1144 198 73 
11104 7059 4380 3302 2111 1341 1144 198 73 
11104 7059 4380 3302 2111 1341 1144 198 73 
11104 7059 4380 3302 2111 1341 1144 198 73 
11104 7059 4380 3302 2111 1341 1144 198 73 
11104 7059 4380 3302 2111 1341 1144 198 73 
11104 7059 4380 3302 2111 1341 1144 198 73 
14181 3537 1783 512 
10108 5642 3008 1215 52 
14181 3537 1783 512 
10108 5642 3008 1215 52 
14181 3537 1783 512 
10108 5642 3008 1215 52 
14181 3537 1783 512 
10108 5642 3008 1215 52 
14181 3537 1783 512 
10108 5642 3008 1215 52 
14181 3537 1783 512 
10108 5642 3008 1215 52 
14181 3537 1783 512 
10108 5642 3008 1215 52 
14181 3537 1783 512 
10108 5642 3008 1215 52 
14181 3537 1783 512 
10108 5642 3008 1215 52 
14181 3537 1783 512 
10108 5642 3008 1215 52 
11543 5316 4086 2763 2120 1490 470 228 209 187 
11543 5316 4086 2763 2120 1490 470 228 209 187 
11543 5316 4086 2763 2120 1490 470 228 209 187 
11543 5316 4086 2763 2120 1490 470 228 209 187 
11543 5316 4086 2763 2120 1490 470 228 209 187 
11543 5316 4086 2763 2120 1490 470 228 209 187 
11543 5316 4086 2763 2120 1490 470 228 209 187 
11543 5316 4086 2763 2120 1490 470 228 209 187 
11543 5316 4086 2763 2120 1490 470 228 209 187 
11543 5316 4086 2763 2120 1490 470 228 209 187 
12874 2408 1263 1010 615 185 
12874 2408 1263 1010 615 185 
12874 2408 1263 1010 615 185 
12874 2408 1263 1010 615 185 
12874 2408 1263 1010 615 185 
12874 2408 1263 1010 615 185 
12874 2408 1263 1010 615 185 
12874 2408 1263 1010 615 185 
12874 2408 1263 1010 615 185 
12874 2408 1263 1010 615 185 
6527 5884 3339 1659 949 724 371 280 193 181 177 
6527 5884 3339 1659 949 724 371 280 193 181 177 
6527 5884 3339 1659 949 724 371 280 193 181 177 
6527 5884 3339 1659 949 724 371 280 193 181 177 
6527 5884 3339 1659 949 724 371 280 193 181 177 
6527 5884 3339 1659 949 724 371 280 193 181 177 
6527 5884 3339 1659 949 724 371 280 193 181 177 
6527 5884 3339 1659 949 724 371 280 193 181 177 
6527 5884 3339 1659 949 724 371 280 193 181 177 
6527 5884 3339 1659 949 724 371 280 193 181 177 
8016 4567 3350 1313 316 
8192 4423 3280 1316 324 31 
8016 4567 3350 1313 316 
8192 4423 3280 1316 324 31 
8016 4567 3350 1313 316 
8192 4423 3280 1316 324 31 
8016 4567 3350 1313 316 
8192 4423 3280 1316 324 31 
8016 4567 3350 1313 316 
8192 4423 3280 1316 324 31 
8016 4567 3350 1313 316 
8192 4423 3280 1316 324 31 
8016 4567 3350 1313 316 
8192 4423 3280 1316 324 31 
8016 4567 3350 1313 316 
8192 4423 3280 1316 324 31 
8016 4567 3350 1313 316 
8192 4423 3280 1316 324 31 
8016 4567 3350 1313 316 
8192 4423 3280 1316 324 31 
23250 3527 2205 1652 1644 243 198 192 
23250 3527 2205 1652 1644 243 198 192 
23250 3527 2205 1652 1644 243 198 192 
23250 3527 2205 1652 1644 243 198 192 
23250 3527 2205 1652 1644 243 198 192 
23250 3527 2205 1652 1644 243 198 192 
23250 3527 2205 1652 1644 243 198 192 
23250 3527 2205 1652 1644 243 198 192 
23250 3527 2205 1652 1644 243 198 192 
23250 3527 2205 1652 1644 243 198 192 
16009 6729 1994 244 
11050 7494 4349 1847 233 177 
16009 6729 1994 244 
11050 7494 4349 1847 233 177 
16009 6729 1994 244 
11050 7494 4349 1847 233 177 
16009 6729 1994 244 
11050 7494 4349 1847 233 177 
16009 6729 1994 244 
11050 7494 4349 1847 233 177 
16009 6729 1994 244 
11050 7494 4349 1847 233 177 
16009 6729 1994 244 
11050 7494 4349 1847 233 177 
16009 6729 1994 244 
11050 7494 4349 1847 233 177 
16009 6729 1994 244 
11050 7494 4349 1847 233 177 
16009 6729 1994 244 
11050 7494 4349 1847 233 177 
23031 1512 1251 437 399 184 
23031 1512 1251 437 399 184 
23031 1512 1251 437 399 184 
23031 1512 1251 437 399 184 
23031 1512 1251 437 399 184 
23031 1512 1251 437 399 184 
23031 1512 1251 437 399 184 
23031 1512 1251 437 399 184 
23031 1512 1251 437 399 184 
23031 1512 1251 437 399 184 
8651 3378 2016 1604 245 175 41 
7582 4246 2498 921 874 
8651 3378 2016 1604 245 175 41 
7582 4246 2498 921 874 
8651 3378 2016 1604 245 175 41 
7582 4246 2498 921 874 
8651 3378 2016 1604 245 175 41 
7582 4246 2498 921 874 
8651 3378 2016 1604 245 175 41 
7582 4246 2498 921 874 
8651 3378 2016 1604 245 175 41 
7582 4246 2498 921 874 
8651 3378 2016 1604 245 175 41 
7582 4246 2498 921 874 
8651 3378 2016 1604 245 175 41 
7582 4246 2498 921 874 
8651 3378 2016 1604 245 175 41 
7582 4246 2498 921 874 
8651 3378 2016 1604 245 175 41 
7582 4246 2498 921 874 
11078 3817 1677 1305 230 185 
17553 773 
11078 3817 1677 1305 230 185 
17553 773 
11078 3817 1677 1305 230 185 
17553 773 
11078 3817 1677 1305 230 185 
17553 773 
11078 3817 1677 1305 230 185 
17553 773 
11078 3817 1677 1305 230 185 
17553 773 
11078 3817 1677 1305 230 185 
17553 773 
11078 3817 1677 1305 230 185 
17553 773 
11078 3817 1677 1305 230 185 
17553 773 
11078 3817 1677 1305 230 185 
17553 773 
12064 3858 2135 387 
16090 1824 395 219 
12064 3858 2135 387 
16090 1824 395 219 
12064 3858 2135 387 
16090 1824 395 219 
12064 3858 2135 387 
16090 1824 395 219 
12064 3858 2135 387 
16090 1824 395 219 
12064 3858 2135 387 
16090 1824 395 219 
12064 3858 2135 387 
16090 1824 395 219 
12064 3858 2135 387 
16090 1824 395 219 
12064 3858 2135 387 
16090 1824 395 219 
12064 3858 2135 387 
16090 1824 395 219 
7242 7238 4388 1957 1536 1267 714 310 198 183 
7242 7238 4388 1957 1536 1267 714 310 198 183 
7242 7238 4388 1957 1536 1267 714 310 198 183 
7242 7238 4388 1957 1536 1267 714 310 198 183 
7242 7238 4388 1957 1536 1267 714 310 198 183 
7242 7238 4388 1957 1536 1267 714 310 198 183 
7242 7238 4388 1957 1536 1267 714 310 198 183 
7242 7238 4388 1957 1536 1267 714 310 198 183 
7242 7238 4388 1957 1536 1267 714 310 198 183 
7242 7238 4388 1957 1536 1267 714 310 198 183 
22890 1201 881 215 191 
22890 1201 881 215 191 
22890 1201 881 215 191 
22890 1201 881 215 191 
22890 1201 881 215 191 
22890 1201 881 215 191 
22890 1201 881 215 191 
22890 1201 881 215 191 
22890 1201 881 215 191 
22890 1201 881 215 191 
4971 4901 2402 1069 871 379 
13760 591 266 
4971 4901 2402 1069 871 379 
13760 591 266 
