10267 1660 1305 886 436 140 
5520 3391 2590 1488 907 515 165 73 
10267 1660 1305 886 436 140 
5520 3391 2590 1488 907 515 165 73 
10267 1660 1305 886 436 140 
5520 3391 2590 1488 907 515 165 73 
10267 1660 1305 886 436 140 
5520 3391 2590 1488 907 515 165 73 
10267 1660 1305 886 436 140 
5520 3391 2590 1488 907 515 165 73 
10267 1660 1305 886 436 140 
5520 3391 2590 1488 907 515 165 73 
10267 1660 1305 886 436 140 
5520 3391 2590 1488 907 515 165 73 
10267 1660 1305 886 436 140 
5520 3391 2590 1488 907 515 165 73 
10267 1660 1305 886 436 140 
5520 3391 2590 1488 907 515 165 73 
10267 1660 1305 886 436 140 
5520 3391 2590 1488 907 515 165 73 
15072 3496 2710 1524 1156 820 499 
15072 3496 2710 1524 1156 820 499 
15072 3496 2710 1524 1156 820 499 
15072 3496 2710 1524 1156 820 499 
15072 3496 2710 1524 1156 820 499 
15072 3496 2710 1524 1156 820 499 
15072 3496 2710 1524 1156 820 499 
15072 3496 2710 1524 1156 820 499 
15072 3496 2710 1524 1156 820 499 
15072 3496 2710 1524 1156 820 499 
6573 4311 2605 1910 1262 1159 587 333 102 
6573 4311 2605 1910 1262 1159 587 333 102 
6573 4311 2605 1910 1262 1159 587 333 102 
6573 4311 2605 1910 1262 1159 587 333 102 
6573 4311 2605 1910 1262 1159 587 333 102 
6573 4311 2605 1910 1262 1159 587 333 102 
6573 4311 2605 1910 1262 1159 587 333 102 
6573 4311 2605 1910 1262 1159 587 333 102 
6573 4311 2605 1910 1262 1159 587 333 102 
6573 4311 2605 1910 1262 1159 587 333 102 
8807 5917 4539 3458 2348 1619 703 516 248 22 18 
8807 5917 4539 3458 2348 1619 703 516 248 22 18 
8807 5917 4539 3458 2348 1619 703 516 248 22 18 
8807 5917 4539 3458 2348 1619 703 516 248 22 18 
8807 5917 4539 3458 2348 1619 703 516 248 22 18 
8807 5917 4539 3458 2348 1619 703 516 248 22 18 
8807 5917 4539 3458 2348 1619 703 516 248 22 18 
8807 5917 4539 3458 2348 1619 703 516 248 22 18 
8807 5917 4539 3458 2348 1619 703 516 248 22 18 
8807 5917 4539 3458 2348 1619 703 516 248 22 18 
14339 6956 3699 2776 1187 591 495 183 
14339 6956 3699 2776 1187 591 495 183 
14339 6956 3699 2776 1187 591 495 183 
14339 6956 3699 2776 1187 591 495 183 
14339 6956 3699 2776 1187 591 495 183 
14339 6956 3699 2776 1187 591 495 183 
14339 6956 3699 2776 1187 591 495 183 
14339 6956 3699 2776 1187 591 495 183 
14339 6956 3699 2776 1187 591 495 183 
14339 6956 3699 2776 1187 591 495 183 
6929 6302 2781 1992 1139 784 601 106 35 
6929 6302 2781 1992 1139 784 601 106 35 
6929 6302 2781 1992 1139 784 601 106 35 
6929 6302 2781 1992 1139 784 601 106 35 
6929 6302 2781 1992 1139 784 601 106 35 
6929 6302 2781 1992 1139 784 601 106 35 
6929 6302 2781 1992 1139 784 601 106 35 
6929 6302 2781 1992 1139 784 601 106 35 
6929 6302 2781 1992 1139 784 601 106 35 
6929 6302 2781 1992 1139 784 601 106 35 
12108 7122 4749 3469 2077 1100 962 548 
12108 7122 4749 3469 2077 1100 962 548 
12108 7122 4749 3469 2077 1100 962 548 
12108 7122 4749 3469 2077 1100 962 548 
12108 7122 4749 3469 2077 1100 962 548 
12108 7122 4749 3469 2077 1100 962 548 
12108 7122 4749 3469 2077 1100 962 548 
12108 7122 4749 3469 2077 1100 962 548 
12108 7122 4749 3469 2077 1100 962 548 
12108 7122 4749 3469 2077 1100 962 548 
25672 1800 1331 799 406 126 12 
25672 1800 1331 799 406 126 12 
25672 1800 1331 799 406 126 12 
25672 1800 1331 799 406 126 12 
25672 1800 1331 799 406 126 12 
25672 1800 1331 799 406 126 12 
25672 1800 1331 799 406 126 12 
25672 1800 1331 799 406 126 12 
25672 1800 1331 799 406 126 12 
25672 1800 1331 799 406 126 12 
18918 2534 1903 999 932 680 470 36 7 
18918 2534 1903 999 932 680 470 36 7 
18918 2534 1903 999 932 680 470 36 7 
18918 2534 1903 999 932 680 470 36 7 
18918 2534 1903 999 932 680 470 36 7 
18918 2534 1903 999 932 680 470 36 7 
18918 2534 1903 999 932 680 470 36 7 
18918 2534 1903 999 932 680 470 36 7 
18918 2534 1903 999 932 680 470 36 7 
18918 2534 1903 999 932 680 470 36 7 
18908 3757 2769 1991 1075 821 413 60 
18908 3757 2769 1991 1075 821 413 60 
18908 3757 2769 1991 1075 821 413 60 
18908 3757 2769 1991 1075 821 413 60 
18908 3757 2769 1991 1075 821 413 60 
18908 3757 2769 1991 1075 821 413 60 
18908 3757 2769 1991 1075 821 413 60 
18908 3757 2769 1991 1075 821 413 60 
18908 3757 2769 1991 1075 821 413 60 
18908 3757 2769 1991 1075 821 413 60 
18803 7845 2533 1489 1059 635 465 139 
18803 7845 2533 1489 1059 635 465 139 
18803 7845 2533 1489 1059 635 465 139 
18803 7845 2533 1489 1059 635 465 139 
18803 7845 2533 1489 1059 635 465 139 
18803 7845 2533 1489 1059 635 465 139 
18803 7845 2533 1489 1059 635 465 139 
18803 7845 2533 1489 1059 635 465 139 
18803 7845 2533 1489 1059 635 465 139 
18803 7845 2533 1489 1059 635 465 139 
25820 1095 612 437 143 
25820 1095 612 437 143 
25820 1095 612 437 143 
25820 1095 612 437 143 
25820 1095 612 437 143 
25820 1095 612 437 143 
25820 1095 612 437 143 
25820 1095 612 437 143 
25820 1095 612 437 143 
25820 1095 612 437 143 
10042 9593 4559 3547 2238 1092 622 529 
10042 9593 4559 3547 2238 1092 622 529 
10042 9593 4559 3547 2238 1092 622 529 
10042 9593 4559 3547 2238 1092 622 529 
10042 9593 4559 3547 2238 1092 622 529 
10042 9593 4559 3547 2238 1092 622 529 
10042 9593 4559 3547 2238 1092 622 529 
10042 9593 4559 3547 2238 1092 622 529 
10042 9593 4559 3547 2238 1092 622 529 
10042 9593 4559 3547 2238 1092 622 529 
11362 4193 2629 2277 1850 626 322 152 
11362 4193 2629 2277 1850 626 322 152 
11362 4193 2629 2277 1850 626 322 152 
11362 4193 2629 2277 1850 626 322 152 
11362 4193 2629 2277 1850 626 322 152 
11362 4193 2629 2277 1850 626 322 152 
11362 4193 2629 2277 1850 626 322 152 
11362 4193 2629 2277 1850 626 322 152 
11362 4193 2629 2277 1850 626 322 152 
11362 4193 2629 2277 1850 626 322 152 
21424 5055 1945 1775 1003 781 215 18 
21424 5055 1945 1775 1003 781 215 18 
21424 5055 1945 1775 1003 781 215 18 
21424 5055 1945 1775 1003 781 215 18 
21424 5055 1945 1775 1003 781 215 18 
21424 5055 1945 1775 1003 781 215 18 
21424 5055 1945 1775 1003 781 215 18 
21424 5055 1945 1775 1003 781 215 18 
21424 5055 1945 1775 1003 781 215 18 
21424 5055 1945 1775 1003 781 215 18 
7301 5864 4740 4283 1864 1321 886 563 224 32 
7301 5864 4740 4283 1864 1321 886 563 224 32 
7301 5864 4740 4283 1864 1321 886 563 224 32 
7301 5864 4740 4283 1864 1321 886 563 224 32 
7301 5864 4740 4283 1864 1321 886 563 224 32 
7301 5864 4740 4283 1864 1321 886 563 224 32 
7301 5864 4740 4283 1864 1321 886 563 224 32 
7301 5864 4740 4283 1864 1321 886 563 224 32 
7301 5864 4740 4283 1864 1321 886 563 224 32 
7301 5864 4740 4283 1864 1321 886 563 224 32 
9116 6726 5305 3541 1991 1450 1072 680 449 219 
9116 6726 5305 3541 1991 1450 1072 680 449 219 
9116 6726 5305 3541 1991 1450 1072 680 449 219 
9116 6726 5305 3541 1991 1450 1072 680 449 219 
9116 6726 5305 3541 1991 1450 1072 680 449 219 
9116 6726 5305 3541 1991 1450 1072 680 449 219 
9116 6726 5305 3541 1991 1450 1072 680 449 219 
9116 6726 5305 3541 1991 1450 1072 680 449 219 
9116 6726 5305 3541 1991 1450 1072 680 449 219 
9116 6726 5305 3541 1991 1450 1072 680 449 219 
8064 5275 3649 3311 2088 1926 1041 640 489 436 358 
8064 5275 3649 3311 2088 1926 1041 640 489 436 358 
8064 5275 3649 3311 2088 1926 1041 640 489 436 358 
8064 5275 3649 3311 2088 1926 1041 640 489 436 358 
8064 5275 3649 3311 2088 1926 1041 640 489 436 358 
8064 5275 3649 3311 2088 1926 1041 640 489 436 358 
8064 5275 3649 3311 2088 1926 1041 640 489 436 358 
8064 5275 3649 3311 2088 1926 1041 640 489 436 358 
8064 5275 3649 3311 2088 1926 1041 640 489 436 358 
8064 5275 3649 3311 2088 1926 1041 640 489 436 358 
21981 979 688 43 
21981 979 688 43 
21981 979 688 43 
21981 979 688 43 
21981 979 688 43 
21981 979 688 43 
21981 979 688 43 
21981 979 688 43 
21981 979 688 43 
21981 979 688 43 
5869 5283 3574 2277 1735 1023 867 249 
5869 5283 3574 2277 1735 1023 867 249 
5869 5283 3574 2277 1735 1023 867 249 
5869 5283 3574 2277 1735 1023 867 249 
5869 5283 3574 2277 1735 1023 867 249 
5869 5283 3574 2277 1735 1023 867 249 
5869 5283 3574 2277 1735 1023 867 249 
5869 5283 3574 2277 1735 1023 867 249 
5869 5283 3574 2277 1735 1023 867 249 
5869 5283 3574 2277 1735 1023 867 249 
11877 2533 1767 1084 844 571 389 129 
11877 2533 1767 1084 844 571 389 129 
11877 2533 1767 1084 844 571 389 129 
11877 2533 1767 1084 844 571 389 129 
11877 2533 1767 1084 844 571 389 129 
11877 2533 1767 1084 844 571 389 129 
11877 2533 1767 1084 844 571 389 129 
11877 2533 1767 1084 844 571 389 129 
11877 2533 1767 1084 844 571 389 129 
11877 2533 1767 1084 844 571 389 129 
29680 206 
29680 206 
29680 206 
29680 206 
29680 206 
29680 206 
29680 206 
29680 206 
29680 206 
29680 206 
15187 5855 2267 1767 1282 885 615 164 
15187 5855 2267 1767 1282 885 615 164 
15187 5855 2267 1767 1282 885 615 164 
15187 5855 2267 1767 1282 885 615 164 
15187 5855 2267 1767 1282 885 615 164 
15187 5855 2267 1767 1282 885 615 164 
15187 5855 2267 1767 1282 885 615 164 
15187 5855 2267 1767 1282 885 615 164 
15187 5855 2267 1767 1282 885 615 164 
15187 5855 2267 1767 1282 885 615 164 
9696 7549 2902 1963 1532 1061 552 484 52 37 
9696 7549 2902 1963 1532 1061 552 484 52 37 
9696 7549 2902 1963 1532 1061 552 484 52 37 
9696 7549 2902 1963 1532 1061 552 484 52 37 
9696 7549 2902 1963 1532 1061 552 484 52 37 
9696 7549 2902 1963 1532 1061 552 484 52 37 
9696 7549 2902 1963 1532 1061 552 484 52 37 
9696 7549 2902 1963 1532 1061 552 484 52 37 
9696 7549 2902 1963 1532 1061 552 484 52 37 
9696 7549 2902 1963 1532 1061 552 484 52 37 
11254 4096 2727 2270 1608 989 625 340 
11254 4096 2727 2270 1608 989 625 340 
11254 4096 2727 2270 1608 989 625 340 
11254 4096 2727 2270 1608 989 625 340 
11254 4096 2727 2270 1608 989 625 340 
11254 4096 2727 2270 1608 989 625 340 
11254 4096 2727 2270 1608 989 625 340 
11254 4096 2727 2270 1608 989 625 340 
11254 4096 2727 2270 1608 989 625 340 
11254 4096 2727 2270 1608 989 625 340 
13286 4996 3016 2439 1685 1613 837 253 93 
13286 4996 3016 2439 1685 1613 837 253 93 
13286 4996 3016 2439 1685 1613 837 253 93 
13286 4996 3016 2439 1685 1613 837 253 93 
13286 4996 3016 2439 1685 1613 837 253 93 
13286 4996 3016 2439 1685 1613 837 253 93 
13286 4996 3016 2439 1685 1613 837 253 93 
13286 4996 3016 2439 1685 1613 837 253 93 
13286 4996 3016 2439 1685 1613 837 253 93 
13286 4996 3016 2439 1685 1613 837 253 93 
8335 5632 3424 2153 1131 758 740 340 31 
8335 5632 3424 2153 1131 758 740 340 31 
8335 5632 3424 2153 1131 758 740 340 31 
8335 5632 3424 2153 1131 758 740 340 31 
8335 5632 3424 2153 1131 758 740 340 31 
8335 5632 3424 2153 1131 758 740 340 31 
8335 5632 3424 2153 1131 758 740 340 31 
8335 5632 3424 2153 1131 758 740 340 31 
8335 5632 3424 2153 1131 758 740 340 31 
8335 5632 3424 2153 1131 758 740 340 31 
10084 5729 4372 1512 1184 698 263 150 42 
10084 5729 4372 1512 1184 698 263 150 42 
10084 5729 4372 1512 1184 698 263 150 42 
10084 5729 4372 1512 1184 698 263 150 42 
10084 5729 4372 1512 1184 698 263 150 42 
10084 5729 4372 1512 1184 698 263 150 42 
10084 5729 4372 1512 1184 698 263 150 42 
10084 5729 4372 1512 1184 698 263 150 42 
10084 5729 4372 1512 1184 698 263 150 42 
10084 5729 4372 1512 1184 698 263 150 42 
15967 4375 2433 1621 1199 858 421 163 
15967 4375 2433 1621 1199 858 421 163 
15967 4375 2433 1621 1199 858 421 163 
15967 4375 2433 1621 1199 858 421 163 
15967 4375 2433 1621 1199 858 421 163 
15967 4375 2433 1621 1199 858 421 163 
15967 4375 2433 1621 1199 858 421 163 
15967 4375 2433 1621 1199 858 421 163 
15967 4375 2433 1621 1199 858 421 163 
15967 4375 2433 1621 1199 858 421 163 
8726 5186 2910 1405 1022 642 380 91 
8726 5186 2910 1405 1022 642 380 91 
8726 5186 2910 1405 1022 642 380 91 
8726 5186 2910 1405 1022 642 380 91 
8726 5186 2910 1405 1022 642 380 91 
8726 5186 2910 1405 1022 642 380 91 
8726 5186 2910 1405 1022 642 380 91 
8726 5186 2910 1405 1022 642 380 91 
8726 5186 2910 1405 1022 642 380 91 
8726 5186 2910 1405 1022 642 380 91 
14883 739 209 181 
7812 4526 2164 1094 304 48 
14883 739 209 181 
7812 4526 2164 1094 304 48 
14883 739 209 181 
7812 4526 2164 1094 304 48 
14883 739 209 181 
7812 4526 2164 1094 304 48 
14883 739 209 181 
7812 4526 2164 1094 304 48 
14883 739 209 181 
7812 4526 2164 1094 304 48 
14883 739 209 181 
7812 4526 2164 1094 304 48 
14883 739 209 181 
7812 4526 2164 1094 304 48 
14883 739 209 181 
7812 4526 2164 1094 304 48 
14883 739 209 181 
7812 4526 2164 1094 304 48 
7639 7370 2805 1920 1331 719 401 343 29 
7639 7370 2805 1920 1331 719 401 343 29 
7639 7370 2805 1920 1331 719 401 343 29 
7639 7370 2805 1920 1331 719 401 343 29 
7639 7370 2805 1920 1331 719 401 343 29 
7639 7370 2805 1920 1331 719 401 343 29 
7639 7370 2805 1920 1331 719 401 343 29 
7639 7370 2805 1920 1331 719 401 343 29 
7639 7370 2805 1920 1331 719 401 343 29 
7639 7370 2805 1920 1331 719 401 343 29 
8102 7654 4659 2729 1521 696 508 300 27 
8102 7654 4659 2729 1521 696 508 300 27 
8102 7654 4659 2729 1521 696 508 300 27 
8102 7654 4659 2729 1521 696 508 300 27 
8102 7654 4659 2729 1521 696 508 300 27 
8102 7654 4659 2729 1521 696 508 300 27 
8102 7654 4659 2729 1521 696 508 300 27 
8102 7654 4659 2729 1521 696 508 300 27 
8102 7654 4659 2729 1521 696 508 300 27 
8102 7654 4659 2729 1521 696 508 300 27 
12696 3307 2367 1656 686 597 192 37 
12696 3307 2367 1656 686 597 192 37 
12696 3307 2367 1656 686 597 192 37 
12696 3307 2367 1656 686 597 192 37 
12696 3307 2367 1656 686 597 192 37 
12696 3307 2367 1656 686 597 192 37 
12696 3307 2367 1656 686 597 192 37 
12696 3307 2367 1656 686 597 192 37 
12696 3307 2367 1656 686 597 192 37 
12696 3307 2367 1656 686 597 192 37 
18189 1336 1014 514 354 
18189 1336 1014 514 354 
18189 1336 1014 514 354 
18189 1336 1014 514 354 
18189 1336 1014 514 354 
18189 1336 1014 514 354 
18189 1336 1014 514 354 
18189 1336 1014 514 354 
18189 1336 1014 514 354 
18189 1336 1014 514 354 
15797 2333 1769 1086 1008 881 487 212 33 30 
15797 2333 1769 1086 1008 881 487 212 33 30 
15797 2333 1769 1086 1008 881 487 212 33 30 
15797 2333 1769 1086 1008 881 487 212 33 30 
15797 2333 1769 1086 1008 881 487 212 33 30 
15797 2333 1769 1086 1008 881 487 212 33 30 
15797 2333 1769 1086 1008 881 487 212 33 30 
15797 2333 1769 1086 1008 881 487 212 33 30 
15797 2333 1769 1086 1008 881 487 212 33 30 
15797 2333 1769 1086 1008 881 487 212 33 30 
14091 4620 2903 1980 1211 879 226 132 51 
14091 4620 2903 1980 1211 879 226 132 51 
14091 4620 2903 1980 1211 879 226 132 51 
14091 4620 2903 1980 1211 879 226 132 51 
14091 4620 2903 1980 1211 879 226 132 51 
14091 4620 2903 1980 1211 879 226 132 51 
14091 4620 2903 1980 1211 879 226 132 51 
14091 4620 2903 1980 1211 879 226 132 51 
14091 4620 2903 1980 1211 879 226 132 51 
14091 4620 2903 1980 1211 879 226 132 51 
25185 172 
25185 172 
25185 172 
25185 172 
25185 172 
25185 172 
25185 172 
25185 172 
25185 172 
25185 172 
16344 5534 2877 1482 1245 752 569 280 54 
16344 5534 2877 1482 1245 752 569 280 54 
16344 5534 2877 1482 1245 752 569 280 54 
16344 5534 2877 1482 1245 752 569 280 54 
16344 5534 2877 1482 1245 752 569 280 54 
16344 5534 2877 1482 1245 752 569 280 54 
16344 5534 2877 1482 1245 752 569 280 54 
16344 5534 2877 1482 1245 752 569 280 54 
16344 5534 2877 1482 1245 752 569 280 54 
16344 5534 2877 1482 1245 752 569 280 54 
10236 2414 1776 1320 802 534 238 115 
10236 2414 1776 1320 802 534 238 115 
10236 2414 1776 1320 802 534 238 115 
10236 2414 1776 1320 802 534 238 115 
10236 2414 1776 1320 802 534 238 115 
10236 2414 1776 1320 802 534 238 115 
10236 2414 1776 1320 802 534 238 115 
10236 2414 1776 1320 802 534 238 115 
10236 2414 1776 1320 802 534 238 115 
10236 2414 1776 1320 802 534 238 115 
5889 3998 3451 3055 2613 2232 1423 690 492 84 
5889 3998 3451 3055 2613 2232 1423 690 492 84 
5889 3998 3451 3055 2613 2232 1423 690 492 84 
5889 3998 3451 3055 2613 2232 1423 690 492 84 
5889 3998 3451 3055 2613 2232 1423 690 492 84 
5889 3998 3451 3055 2613 2232 1423 690 492 84 
5889 3998 3451 3055 2613 2232 1423 690 492 84 
5889 3998 3451 3055 2613 2232 1423 690 492 84 
5889 3998 3451 3055 2613 2232 1423 690 492 84 
5889 3998 3451 3055 2613 2232 1423 690 492 84 
26096 323 79 
26096 323 79 
26096 323 79 
26096 323 79 
26096 323 79 
26096 323 79 
26096 323 79 
26096 323 79 
26096 323 79 
26096 323 79 
5552 3276 2979 2033 1546 822 676 194 55 
5552 3276 2979 2033 1546 822 676 194 55 
5552 3276 2979 2033 1546 822 676 194 55 
5552 3276 2979 2033 1546 822 676 194 55 
5552 3276 2979 2033 1546 822 676 194 55 
5552 3276 2979 2033 1546 822 676 194 55 
5552 3276 2979 2033 1546 822 676 194 55 
5552 3276 2979 2033 1546 822 676 194 55 
5552 3276 2979 2033 1546 822 676 194 55 
5552 3276 2979 2033 1546 822 676 194 55 
5623 4962 2566 1919 1367 545 294 276 
5623 4962 2566 1919 1367 545 294 276 
5623 4962 2566 1919 1367 545 294 276 
5623 4962 2566 1919 1367 545 294 276 
5623 4962 2566 1919 1367 545 294 276 
5623 4962 2566 1919 1367 545 294 276 
5623 4962 2566 1919 1367 545 294 276 
5623 4962 2566 1919 1367 545 294 276 
5623 4962 2566 1919 1367 545 294 276 
5623 4962 2566 1919 1367 545 294 276 
8105 7509 5790 3210 2429 1213 709 461 208 
8105 7509 5790 3210 2429 1213 709 461 208 
8105 7509 5790 3210 2429 1213 709 461 208 
8105 7509 5790 3210 2429 1213 709 461 208 
8105 7509 5790 3210 2429 1213 709 461 208 
8105 7509 5790 3210 2429 1213 709 461 208 
8105 7509 5790 3210 2429 1213 709 461 208 
8105 7509 5790 3210 2429 1213 709 461 208 
8105 7509 5790 3210 2429 1213 709 461 208 
8105 7509 5790 3210 2429 1213 709 461 208 
9688 8886 5853 2890 1814 1311 402 236 
9688 8886 5853 2890 1814 1311 402 236 
9688 8886 5853 2890 1814 1311 402 236 
9688 8886 5853 2890 1814 1311 402 236 
9688 8886 5853 2890 1814 1311 402 236 
9688 8886 5853 2890 1814 1311 402 236 
9688 8886 5853 2890 1814 1311 402 236 
9688 8886 5853 2890 1814 1311 402 236 
9688 8886 5853 2890 1814 1311 402 236 
9688 8886 5853 2890 1814 1311 402 236 
7654 5212 4094 2555 1851 1174 973 428 93 
7654 5212 4094 2555 1851 1174 973 428 93 
7654 5212 4094 2555 1851 1174 973 428 93 
7654 5212 4094 2555 1851 1174 973 428 93 
7654 5212 4094 2555 1851 1174 973 428 93 
7654 5212 4094 2555 1851 1174 973 428 93 
7654 5212 4094 2555 1851 1174 973 428 93 
7654 5212 4094 2555 1851 1174 973 428 93 
7654 5212 4094 2555 1851 1174 973 428 93 
7654 5212 4094 2555 1851 1174 973 428 93 
5573 3220 1938 1529 1332 962 338 331 
5573 3220 1938 1529 1332 962 338 331 
5573 3220 1938 1529 1332 962 338 331 
5573 3220 1938 1529 1332 962 338 331 
5573 3220 1938 1529 1332 962 338 331 
5573 3220 1938 1529 1332 962 338 331 
5573 3220 1938 1529 1332 962 338 331 
5573 3220 1938 1529 1332 962 338 331 
5573 3220 1938 1529 1332 962 338 331 
5573 3220 1938 1529 1332 962 338 331 
9900 4557 4187 2205 1564 934 824 466 67 
9900 4557 4187 2205 1564 934 824 466 67 
9900 4557 4187 2205 1564 934 824 466 67 
9900 4557 4187 2205 1564 934 824 466 67 
9900 4557 4187 2205 1564 934 824 466 67 
9900 4557 4187 2205 1564 934 824 466 67 
9900 4557 4187 2205 1564 934 824 466 67 
9900 4557 4187 2205 1564 934 824 466 67 
9900 4557 4187 2205 1564 934 824 466 67 
9900 4557 4187 2205 1564 934 824 466 67 
7219 4575 3865 2489 1372 959 661 489 259 
7219 4575 3865 2489 1372 959 661 489 259 
7219 4575 3865 2489 1372 959 661 489 259 
7219 4575 3865 2489 1372 959 661 489 259 
7219 4575 3865 2489 1372 959 661 489 259 
7219 4575 3865 2489 1372 959 661 489 259 
7219 4575 3865 2489 1372 959 661 489 259 
7219 4575 3865 2489 1372 959 661 489 259 
7219 4575 3865 2489 1372 959 661 489 259 
7219 4575 3865 2489 1372 959 661 489 259 
8681 8301 5238 3054 1368 702 618 472 68 
8681 8301 5238 3054 1368 702 618 472 68 
8681 8301 5238 3054 1368 702 618 472 68 
8681 8301 5238 3054 1368 702 618 472 68 
8681 8301 5238 3054 1368 702 618 472 68 
8681 8301 5238 3054 1368 702 618 472 68 
8681 8301 5238 3054 1368 702 618 472 68 
8681 8301 5238 3054 1368 702 618 472 68 
8681 8301 5238 3054 1368 702 618 472 68 
8681 8301 5238 3054 1368 702 618 472 68 
5534 3306 2770 2452 2134 1543 1321 439 182 20 
5534 3306 2770 2452 2134 1543 1321 439 182 20 
5534 3306 2770 2452 2134 1543 1321 439 182 20 
5534 3306 2770 2452 2134 1543 1321 439 182 20 
5534 3306 2770 2452 2134 1543 1321 439 182 20 
5534 3306 2770 2452 2134 1543 1321 439 182 20 
5534 3306 2770 2452 2134 1543 1321 439 182 20 
5534 3306 2770 2452 2134 1543 1321 439 182 20 
5534 3306 2770 2452 2134 1543 1321 439 182 20 
5534 3306 2770 2452 2134 1543 1321 439 182 20 
10540 4769 2930 2088 1514 896 593 361 183 
10540 4769 2930 2088 1514 896 593 361 183 
10540 4769 2930 2088 1514 896 593 361 183 
10540 4769 2930 2088 1514 896 593 361 183 
10540 4769 2930 2088 1514 896 593 361 183 
10540 4769 2930 2088 1514 896 593 361 183 
10540 4769 2930 2088 1514 896 593 361 183 
10540 4769 2930 2088 1514 896 593 361 183 
10540 4769 2930 2088 1514 896 593 361 183 
10540 4769 2930 2088 1514 896 593 361 183 
12032 7128 2583 2486 1399 890 447 189 36 
12032 7128 2583 2486 1399 890 447 189 36 
12032 7128 2583 2486 1399 890 447 189 36 
12032 7128 2583 2486 1399 890 447 189 36 
12032 7128 2583 2486 1399 890 447 189 36 
12032 7128 2583 2486 1399 890 447 189 36 
12032 7128 2583 2486 1399 890 447 189 36 
12032 7128 2583 2486 1399 890 447 189 36 
12032 7128 2583 2486 1399 890 447 189 36 
12032 7128 2583 2486 1399 890 447 189 36 
9596 8273 5794 3249 1661 1496 482 235 
9596 8273 5794 3249 1661 1496 482 235 
9596 8273 5794 3249 1661 1496 482 235 
9596 8273 5794 3249 1661 1496 482 235 
9596 8273 5794 3249 1661 1496 482 235 
9596 8273 5794 3249 1661 1496 482 235 
9596 8273 5794 3249 1661 1496 482 235 
9596 8273 5794 3249 1661 1496 482 235 
9596 8273 5794 3249 1661 1496 482 235 
9596 8273 5794 3249 1661 1496 482 235 
9807 5719 4154 2940 1716 1232 792 396 212 
9807 5719 4154 2940 1716 1232 792 396 212 
9807 5719 4154 2940 1716 1232 792 396 212 
9807 5719 4154 2940 1716 1232 792 396 212 
9807 5719 4154 2940 1716 1232 792 396 212 
9807 5719 4154 2940 1716 1232 792 396 212 
9807 5719 4154 2940 1716 1232 792 396 212 
9807 5719 4154 2940 1716 1232 792 396 212 
9807 5719 4154 2940 1716 1232 792 396 212 
9807 5719 4154 2940 1716 1232 792 396 212 
15814 7357 3292 2524 1810 630 547 97 
15814 7357 3292 2524 1810 630 547 97 
15814 7357 3292 2524 1810 630 547 97 
15814 7357 3292 2524 1810 630 547 97 
15814 7357 3292 2524 1810 630 547 97 
15814 7357 3292 2524 1810 630 547 97 
15814 7357 3292 2524 1810 630 547 97 
15814 7357 3292 2524 1810 630 547 97 
15814 7357 3292 2524 1810 630 547 97 
15814 7357 3292 2524 1810 630 547 97 
17035 3090 1783 1353 1039 693 408 251 
17035 3090 1783 1353 1039 693 408 251 
17035 3090 1783 1353 1039 693 408 251 
17035 3090 1783 1353 1039 693 408 251 
17035 3090 1783 1353 1039 693 408 251 
17035 3090 1783 1353 1039 693 408 251 
17035 3090 1783 1353 1039 693 408 251 
17035 3090 1783 1353 1039 693 408 251 
17035 3090 1783 1353 1039 693 408 251 
17035 3090 1783 1353 1039 693 408 251 
8804 5593 3511 2334 1781 1371 936 575 340 141 43 
8804 5593 3511 2334 1781 1371 936 575 340 141 43 
8804 5593 3511 2334 1781 1371 936 575 340 141 43 
8804 5593 3511 2334 1781 1371 936 575 340 141 43 
8804 5593 3511 2334 1781 1371 936 575 340 141 43 
8804 5593 3511 2334 1781 1371 936 575 340 141 43 
8804 5593 3511 2334 1781 1371 936 575 340 141 43 
8804 5593 3511 2334 1781 1371 936 575 340 141 43 
8804 5593 3511 2334 1781 1371 936 575 340 141 43 
8804 5593 3511 2334 1781 1371 936 575 340 141 43 
8898 7897 4155 2430 1852 1578 640 538 68 
8898 7897 4155 2430 1852 1578 640 538 68 
8898 7897 4155 2430 1852 1578 640 538 68 
8898 7897 4155 2430 1852 1578 640 538 68 
8898 7897 4155 2430 1852 1578 640 538 68 
8898 7897 4155 2430 1852 1578 640 538 68 
8898 7897 4155 2430 1852 1578 640 538 68 
8898 7897 4155 2430 1852 1578 640 538 68 
8898 7897 4155 2430 1852 1578 640 538 68 
8898 7897 4155 2430 1852 1578 640 538 68 
6482 3846 1868 1362 756 533 286 186 9 
6482 3846 1868 1362 756 533 286 186 9 
6482 3846 1868 1362 756 533 286 186 9 
6482 3846 1868 1362 756 533 286 186 9 
6482 3846 1868 1362 756 533 286 186 9 
6482 3846 1868 1362 756 533 286 186 9 
6482 3846 1868 1362 756 533 286 186 9 
6482 3846 1868 1362 756 533 286 186 9 
6482 3846 1868 1362 756 533 286 186 9 
6482 3846 1868 1362 756 533 286 186 9 
11955 8142 4801 2480 1661 1143 759 172 
11955 8142 4801 2480 1661 1143 759 172 
11955 8142 4801 2480 1661 1143 759 172 
11955 8142 4801 2480 1661 1143 759 172 
11955 8142 4801 2480 1661 1143 759 172 
11955 8142 4801 2480 1661 1143 759 172 
11955 8142 4801 2480 1661 1143 759 172 
11955 8142 4801 2480 1661 1143 759 172 
11955 8142 4801 2480 1661 1143 759 172 
11955 8142 4801 2480 1661 1143 759 172 
5533 5305 2218 1246 440 280 
9283 3447 1390 752 65 
5533 5305 2218 1246 440 280 
9283 3447 1390 752 65 
5533 5305 2218 1246 440 280 
9283 3447 1390 752 65 
5533 5305 2218 1246 440 280 
9283 3447 1390 752 65 
5533 5305 2218 1246 440 280 
9283 3447 1390 752 65 
5533 5305 2218 1246 440 280 
9283 3447 1390 752 65 
5533 5305 2218 1246 440 280 
9283 3447 1390 752 65 
5533 5305 2218 1246 440 280 
9283 3447 1390 752 65 
5533 5305 2218 1246 440 280 
9283 3447 1390 752 65 
5533 5305 2218 1246 440 280 
9283 3447 1390 752 65 
12808 6782 3252 3000 1399 1140 734 119 
12808 6782 3252 3000 1399 1140 734 119 
12808 6782 3252 3000 1399 1140 734 119 
12808 6782 3252 3000 1399 1140 734 119 
12808 6782 3252 3000 1399 1140 734 119 
12808 6782 3252 3000 1399 1140 734 119 
12808 6782 3252 3000 1399 1140 734 119 
12808 6782 3252 3000 1399 1140 734 119 
12808 6782 3252 3000 1399 1140 734 119 
12808 6782 3252 3000 1399 1140 734 119 
8142 4490 3476 1660 1228 1010 273 56 
8142 4490 3476 1660 1228 1010 273 56 
8142 4490 3476 1660 1228 1010 273 56 
8142 4490 3476 1660 1228 1010 273 56 
8142 4490 3476 1660 1228 1010 273 56 
8142 4490 3476 1660 1228 1010 273 56 
8142 4490 3476 1660 1228 1010 273 56 
8142 4490 3476 1660 1228 1010 273 56 
8142 4490 3476 1660 1228 1010 273 56 
8142 4490 3476 1660 1228 1010 273 56 
10268 5618 3986 2763 1346 983 662 204 22 
10268 5618 3986 2763 1346 983 662 204 22 
10268 5618 3986 2763 1346 983 662 204 22 
10268 5618 3986 2763 1346 983 662 204 22 
10268 5618 3986 2763 1346 983 662 204 22 
10268 5618 3986 2763 1346 983 662 204 22 
10268 5618 3986 2763 1346 983 662 204 22 
10268 5618 3986 2763 1346 983 662 204 22 
10268 5618 3986 2763 1346 983 662 204 22 
10268 5618 3986 2763 1346 983 662 204 22 
6503 5005 3259 2432 1708 1118 924 611 453 344 140 35 
6503 5005 3259 2432 1708 1118 924 611 453 344 140 35 
6503 5005 3259 2432 1708 1118 924 611 453 344 140 35 
6503 5005 3259 2432 1708 1118 924 611 453 344 140 35 
6503 5005 3259 2432 1708 1118 924 611 453 344 140 35 
6503 5005 3259 2432 1708 1118 924 611 453 344 140 35 
6503 5005 3259 2432 1708 1118 924 611 453 344 140 35 
6503 5005 3259 2432 1708 1118 924 611 453 344 140 35 
6503 5005 3259 2432 1708 1118 924 611 453 344 140 35 
6503 5005 3259 2432 1708 1118 924 611 453 344 140 35 
7069 4399 2170 1664 1219 888 757 319 93 
7069 4399 2170 1664 1219 888 757 319 93 
7069 4399 2170 1664 1219 888 757 319 93 
7069 4399 2170 1664 1219 888 757 319 93 
7069 4399 2170 1664 1219 888 757 319 93 
7069 4399 2170 1664 1219 888 757 319 93 
7069 4399 2170 1664 1219 888 757 319 93 
7069 4399 2170 1664 1219 888 757 319 93 
7069 4399 2170 1664 1219 888 757 319 93 
7069 4399 2170 1664 1219 888 757 319 93 
14966 5440 3907 2483 1435 799 615 492 34 
14966 5440 3907 2483 1435 799 615 492 34 
14966 5440 3907 2483 1435 799 615 492 34 
14966 5440 3907 2483 1435 799 615 492 34 
14966 5440 3907 2483 1435 799 615 492 34 
14966 5440 3907 2483 1435 799 615 492 34 
14966 5440 3907 2483 1435 799 615 492 34 
14966 5440 3907 2483 1435 799 615 492 34 
14966 5440 3907 2483 1435 799 615 492 34 
14966 5440 3907 2483 1435 799 615 492 34 
12430 3824 2613 1955 1499 900 723 582 117 
12430 3824 2613 1955 1499 900 723 582 117 
12430 3824 2613 1955 1499 900 723 582 117 
12430 3824 2613 1955 1499 900 723 582 117 
12430 3824 2613 1955 1499 900 723 582 117 
12430 3824 2613 1955 1499 900 723 582 117 
12430 3824 2613 1955 1499 900 723 582 117 
12430 3824 2613 1955 1499 900 723 582 117 
12430 3824 2613 1955 1499 900 723 582 117 
12430 3824 2613 1955 1499 900 723 582 117 
15573 3124 1827 1199 906 499 94 30 
15573 3124 1827 1199 906 499 94 30 
15573 3124 1827 1199 906 499 94 30 
15573 3124 1827 1199 906 499 94 30 
15573 3124 1827 1199 906 499 94 30 
15573 3124 1827 1199 906 499 94 30 
15573 3124 1827 1199 906 499 94 30 
15573 3124 1827 1199 906 499 94 30 
15573 3124 1827 1199 906 499 94 30 
15573 3124 1827 1199 906 499 94 30 
13106 5037 3262 1743 982 360 257 
13106 5037 3262 1743 982 360 257 
13106 5037 3262 1743 982 360 257 
13106 5037 3262 1743 982 360 257 
13106 5037 3262 1743 982 360 257 
13106 5037 3262 1743 982 360 257 
13106 5037 3262 1743 982 360 257 
13106 5037 3262 1743 982 360 257 
13106 5037 3262 1743 982 360 257 
13106 5037 3262 1743 982 360 257 
5831 4414 3138 1753 835 
5242 4845 3144 1918 692 55 
5831 4414 3138 1753 835 
5242 4845 3144 1918 692 55 
5831 4414 3138 1753 835 
5242 4845 3144 1918 692 55 
5831 4414 3138 1753 835 
5242 4845 3144 1918 692 55 
5831 4414 3138 1753 835 
5242 4845 3144 1918 692 55 
5831 4414 3138 1753 835 
5242 4845 3144 1918 692 55 
5831 4414 3138 1753 835 
5242 4845 3144 1918 692 55 
5831 4414 3138 1753 835 
5242 4845 3144 1918 692 55 
5831 4414 3138 1753 835 
5242 4845 3144 1918 692 55 
5831 4414 3138 1753 835 
5242 4845 3144 1918 692 55 
8845 4910 2618 1874 1192 983 501 374 196 
8845 4910 2618 1874 1192 983 501 374 196 
8845 4910 2618 1874 1192 983 501 374 196 
8845 4910 2618 1874 1192 983 501 374 196 
8845 4910 2618 1874 1192 983 501 374 196 
8845 4910 2618 1874 1192 983 501 374 196 
8845 4910 2618 1874 1192 983 501 374 196 
8845 4910 2618 1874 1192 983 501 374 196 
8845 4910 2618 1874 1192 983 501 374 196 
8845 4910 2618 1874 1192 983 501 374 196 
13238 944 554 315 
10248 2891 1241 438 221 
13238 944 554 315 
10248 2891 1241 438 221 
13238 944 554 315 
10248 2891 1241 438 221 
13238 944 554 315 
10248 2891 1241 438 221 
13238 944 554 315 
10248 2891 1241 438 221 
13238 944 554 315 
10248 2891 1241 438 221 
13238 944 554 315 
10248 2891 1241 438 221 
13238 944 554 315 
10248 2891 1241 438 221 
13238 944 554 315 
10248 2891 1241 438 221 
13238 944 554 315 
10248 2891 1241 438 221 
11038 7591 5268 2994 1652 1419 894 281 88 
11038 7591 5268 2994 1652 1419 894 281 88 
11038 7591 5268 2994 1652 1419 894 281 88 
11038 7591 5268 2994 1652 1419 894 281 88 
11038 7591 5268 2994 1652 1419 894 281 88 
11038 7591 5268 2994 1652 1419 894 281 88 
11038 7591 5268 2994 1652 1419 894 281 88 
11038 7591 5268 2994 1652 1419 894 281 88 
11038 7591 5268 2994 1652 1419 894 281 88 
11038 7591 5268 2994 1652 1419 894 281 88 
9021 5177 1310 848 379 
6730 6590 1793 1140 438 48 
9021 5177 1310 848 379 
6730 6590 1793 1140 438 48 
9021 5177 1310 848 379 
6730 6590 1793 1140 438 48 
9021 5177 1310 848 379 
6730 6590 1793 1140 438 48 
9021 5177 1310 848 379 
6730 6590 1793 1140 438 48 
9021 5177 1310 848 379 
6730 6590 1793 1140 438 48 
9021 5177 1310 848 379 
6730 6590 1793 1140 438 48 
9021 5177 1310 848 379 
6730 6590 1793 1140 438 48 
9021 5177 1310 848 379 
6730 6590 1793 1140 438 48 
9021 5177 1310 848 379 
6730 6590 1793 1140 438 48 
5241 3791 3258 2523 1582 845 610 354 50 
5241 3791 3258 2523 1582 845 610 354 50 
5241 3791 3258 2523 1582 845 610 354 50 
5241 3791 3258 2523 1582 845 610 354 50 
5241 3791 3258 2523 1582 845 610 354 50 
5241 3791 3258 2523 1582 845 610 354 50 
5241 3791 3258 2523 1582 845 610 354 50 
5241 3791 3258 2523 1582 845 610 354 50 
5241 3791 3258 2523 1582 845 610 354 50 
5241 3791 3258 2523 1582 845 610 354 50 
17127 5607 3401 1999 1432 748 439 121 
17127 5607 3401 1999 1432 748 439 121 
17127 5607 3401 1999 1432 748 439 121 
17127 5607 3401 1999 1432 748 439 121 
17127 5607 3401 1999 1432 748 439 121 
17127 5607 3401 1999 1432 748 439 121 
17127 5607 3401 1999 1432 748 439 121 
17127 5607 3401 1999 1432 748 439 121 
17127 5607 3401 1999 1432 748 439 121 
17127 5607 3401 1999 1432 748 439 121 
6513 4361 3298 1586 1290 1007 682 467 115 30 
6513 4361 3298 1586 1290 1007 682 467 115 30 
6513 4361 3298 1586 1290 1007 682 467 115 30 
6513 4361 3298 1586 1290 1007 682 467 115 30 
6513 4361 3298 1586 1290 1007 682 467 115 30 
6513 4361 3298 1586 1290 1007 682 467 115 30 
6513 4361 3298 1586 1290 1007 682 467 115 30 
6513 4361 3298 1586 1290 1007 682 467 115 30 
6513 4361 3298 1586 1290 1007 682 467 115 30 
6513 4361 3298 1586 1290 1007 682 467 115 30 
13594 4954 283 
7401 6597 3259 1300 247 
13594 4954 283 
7401 6597 3259 1300 247 
13594 4954 283 
7401 6597 3259 1300 247 
13594 4954 283 
7401 6597 3259 1300 247 
13594 4954 283 
7401 6597 3259 1300 247 
13594 4954 283 
7401 6597 3259 1300 247 
13594 4954 283 
7401 6597 3259 1300 247 
13594 4954 283 
7401 6597 3259 1300 247 
13594 4954 283 
7401 6597 3259 1300 247 
13594 4954 283 
7401 6597 3259 1300 247 
16115 970 381 
17182 273 
16115 970 381 
17182 273 
16115 970 381 
17182 273 
16115 970 381 
17182 273 
16115 970 381 
17182 273 
16115 970 381 
17182 273 
16115 970 381 
17182 273 
16115 970 381 
17182 273 
16115 970 381 
17182 273 
16115 970 381 
17182 273 
7527 4930 2862 2119 378 
7418 6528 2149 1491 220 
7527 4930 2862 2119 378 
7418 6528 2149 1491 220 
7527 4930 2862 2119 378 
7418 6528 2149 1491 220 
7527 4930 2862 2119 378 
7418 6528 2149 1491 220 
7527 4930 2862 2119 378 
7418 6528 2149 1491 220 
7527 4930 2862 2119 378 
7418 6528 2149 1491 220 
7527 4930 2862 2119 378 
7418 6528 2149 1491 220 
7527 4930 2862 2119 378 
7418 6528 2149 1491 220 
7527 4930 2862 2119 378 
7418 6528 2149 1491 220 
7527 4930 2862 2119 378 
7418 6528 2149 1491 220 
10931 7217 6990 3282 2318 886 584 245 17 
10931 7217 6990 3282 2318 886 584 245 17 
10931 7217 6990 3282 2318 886 584 245 17 
10931 7217 6990 3282 2318 886 584 245 17 
10931 7217 6990 3282 2318 886 584 245 17 
10931 7217 6990 3282 2318 886 584 245 17 
10931 7217 6990 3282 2318 886 584 245 17 
10931 7217 6990 3282 2318 886 584 245 17 
10931 7217 6990 3282 2318 886 584 245 17 
10931 7217 6990 3282 2318 886 584 245 17 
7787 6495 3232 2137 1923 696 579 119 
7787 6495 3232 2137 1923 696 579 119 
7787 6495 3232 2137 1923 696 579 119 
7787 6495 3232 2137 1923 696 579 119 
7787 6495 3232 2137 1923 696 579 119 
7787 6495 3232 2137 1923 696 579 119 
7787 6495 3232 2137 1923 696 579 119 
7787 6495 3232 2137 1923 696 579 119 
7787 6495 3232 2137 1923 696 579 119 
7787 6495 3232 2137 1923 696 579 119 
29091 1720 1107 778 396 74 
29091 1720 1107 778 396 74 
29091 1720 1107 778 396 74 
29091 1720 1107 778 396 74 
29091 1720 1107 778 396 74 
29091 1720 1107 778 396 74 
29091 1720 1107 778 396 74 
29091 1720 1107 778 396 74 
29091 1720 1107 778 396 74 
29091 1720 1107 778 396 74 
7589 4222 2950 1916 1753 1366 1133 439 397 139 66 
7589 4222 2950 1916 1753 1366 1133 439 397 139 66 
7589 4222 2950 1916 1753 1366 1133 439 397 139 66 
7589 4222 2950 1916 1753 1366 1133 439 397 139 66 
7589 4222 2950 1916 1753 1366 1133 439 397 139 66 
7589 4222 2950 1916 1753 1366 1133 439 397 139 66 
7589 4222 2950 1916 1753 1366 1133 439 397 139 66 
7589 4222 2950 1916 1753 1366 1133 439 397 139 66 
7589 4222 2950 1916 1753 1366 1133 439 397 139 66 
7589 4222 2950 1916 1753 1366 1133 439 397 139 66 
13111 3914 2831 1806 955 772 233 167 
13111 3914 2831 1806 955 772 233 167 
13111 3914 2831 1806 955 772 233 167 
13111 3914 2831 1806 955 772 233 167 
13111 3914 2831 1806 955 772 233 167 
13111 3914 2831 1806 955 772 233 167 
13111 3914 2831 1806 955 772 233 167 
13111 3914 2831 1806 955 772 233 167 
13111 3914 2831 1806 955 772 233 167 
13111 3914 2831 1806 955 772 233 167 
14787 4519 2595 1708 1035 818 601 328 99 
14787 4519 2595 1708 1035 818 601 328 99 
14787 4519 2595 1708 1035 818 601 328 99 
14787 4519 2595 1708 1035 818 601 328 99 
14787 4519 2595 1708 1035 818 601 328 99 
14787 4519 2595 1708 1035 818 601 328 99 
14787 4519 2595 1708 1035 818 601 328 99 
14787 4519 2595 1708 1035 818 601 328 99 
14787 4519 2595 1708 1035 818 601 328 99 
14787 4519 2595 1708 1035 818 601 328 99 
21267 1889 1380 834 502 348 48 
21267 1889 1380 834 502 348 48 
21267 1889 1380 834 502 348 48 
21267 1889 1380 834 502 348 48 
21267 1889 1380 834 502 348 48 
21267 1889 1380 834 502 348 48 
21267 1889 1380 834 502 348 48 
21267 1889 1380 834 502 348 48 
21267 1889 1380 834 502 348 48 
21267 1889 1380 834 502 348 48 
13003 1959 979 538 
11222 2799 1463 692 311 
13003 1959 979 538 
11222 2799 1463 692 311 
13003 1959 979 538 
11222 2799 1463 692 311 
13003 1959 979 538 
11222 2799 1463 692 311 
13003 1959 979 538 
11222 2799 1463 692 311 
13003 1959 979 538 
11222 2799 1463 692 311 
13003 1959 979 538 
11222 2799 1463 692 311 
13003 1959 979 538 
11222 2799 1463 692 311 
13003 1959 979 538 
11222 2799 1463 692 311 
13003 1959 979 538 
11222 2799 1463 692 311 
11390 4762 2156 970 699 339 201 160 155 151 144 
11390 4762 2156 970 699 339 201 160 155 151 144 
11390 4762 2156 970 699 339 201 160 155 151 144 
11390 4762 2156 970 699 339 201 160 155 151 144 
11390 4762 2156 970 699 339 201 160 155 151 144 
11390 4762 2156 970 699 339 201 160 155 151 144 
11390 4762 2156 970 699 339 201 160 155 151 144 
11390 4762 2156 970 699 339 201 160 155 151 144 
11390 4762 2156 970 699 339 201 160 155 151 144 
11390 4762 2156 970 699 339 201 160 155 151 144 
3174 979 173 168 160 157 150 144 142 137 42 
3174 979 173 168 160 157 150 144 142 137 42 
3174 979 173 168 160 157 150 144 142 137 42 
3174 979 173 168 160 157 150 144 142 137 42 
3174 979 173 168 160 157 150 144 142 137 42 
3174 979 173 168 160 157 150 144 142 137 42 
3174 979 173 168 160 157 150 144 142 137 42 
3174 979 173 168 160 157 150 144 142 137 42 
3174 979 173 168 160 157 150 144 142 137 42 
3174 979 173 168 160 157 150 144 142 137 42 
6578 156 152 150 144 141 139 134 
6578 156 152 150 144 141 139 134 
6578 156 152 150 144 141 139 134 
6578 156 152 150 144 141 139 134 
6578 156 152 150 144 141 139 134 
6578 156 152 150 144 141 139 134 
6578 156 152 150 144 141 139 134 
6578 156 152 150 144 141 139 134 
6578 156 152 150 144 141 139 134 
6578 156 152 150 144 141 139 134 
16201 1442 585 158 152 145 
16201 1442 585 158 152 145 
16201 1442 585 158 152 145 
16201 1442 585 158 152 145 
16201 1442 585 158 152 145 
16201 1442 585 158 152 145 
16201 1442 585 158 152 145 
16201 1442 585 158 152 145 
16201 1442 585 158 152 145 
16201 1442 585 158 152 145 
14484 5391 3457 1336 
16612 4750 2613 744 
14484 5391 3457 1336 
16612 4750 2613 744 
14484 5391 3457 1336 
16612 4750 2613 744 
14484 5391 3457 1336 
16612 4750 2613 744 
14484 5391 3457 1336 
16612 4750 2613 744 
14484 5391 3457 1336 
16612 4750 2613 744 
14484 5391 3457 1336 
16612 4750 2613 744 
14484 5391 3457 1336 
16612 4750 2613 744 
14484 5391 3457 1336 
16612 4750 2613 744 
14484 5391 3457 1336 
16612 4750 2613 744 
21338 3667 1248 590 
15486 5150 3815 1698 677 
21338 3667 1248 590 
15486 5150 3815 1698 677 
21338 3667 1248 590 
15486 5150 3815 1698 677 
21338 3667 1248 590 
15486 5150 3815 1698 677 
21338 3667 1248 590 
15486 5150 3815 1698 677 
21338 3667 1248 590 
15486 5150 3815 1698 677 
21338 3667 1248 590 
15486 5150 3815 1698 677 
21338 3667 1248 590 
15486 5150 3815 1698 677 
21338 3667 1248 590 
15486 5150 3815 1698 677 
21338 3667 1248 590 
15486 5150 3815 1698 677 
16139 
6558 3725 2749 1090 968 311 28 
16139 
6558 3725 2749 1090 968 311 28 
16139 
6558 3725 2749 1090 968 311 28 
16139 
6558 3725 2749 1090 968 311 28 
16139 
6558 3725 2749 1090 968 311 28 
16139 
6558 3725 2749 1090 968 311 28 
16139 
6558 3725 2749 1090 968 311 28 
16139 
6558 3725 2749 1090 968 311 28 
16139 
6558 3725 2749 1090 968 311 28 
16139 
6558 3725 2749 1090 968 311 28 
8539 8041 5858 3310 2550 1755 1315 662 336 91 33 
8539 8041 5858 3310 2550 1755 1315 662 336 91 33 
8539 8041 5858 3310 2550 1755 1315 662 336 91 33 
8539 8041 5858 3310 2550 1755 1315 662 336 91 33 
8539 8041 5858 3310 2550 1755 1315 662 336 91 33 
8539 8041 5858 3310 2550 1755 1315 662 336 91 33 
8539 8041 5858 3310 2550 1755 1315 662 336 91 33 
8539 8041 5858 3310 2550 1755 1315 662 336 91 33 
8539 8041 5858 3310 2550 1755 1315 662 336 91 33 
8539 8041 5858 3310 2550 1755 1315 662 336 91 33 
8174 6001 3631 2447 836 
16510 2569 1441 431 
8174 6001 3631 2447 836 
16510 2569 1441 431 
8174 6001 3631 2447 836 
16510 2569 1441 431 
8174 6001 3631 2447 836 
16510 2569 1441 431 
8174 6001 3631 2447 836 
16510 2569 1441 431 
8174 6001 3631 2447 836 
16510 2569 1441 431 
8174 6001 3631 2447 836 
16510 2569 1441 431 
8174 6001 3631 2447 836 
16510 2569 1441 431 
8174 6001 3631 2447 836 
16510 2569 1441 431 
8174 6001 3631 2447 836 
16510 2569 1441 431 
12863 4574 2616 1248 516 
9829 6297 3275 1922 354 
12863 4574 2616 1248 516 
9829 6297 3275 1922 354 
12863 4574 2616 1248 516 
9829 6297 3275 1922 354 
12863 4574 2616 1248 516 
9829 6297 3275 1922 354 
12863 4574 2616 1248 516 
9829 6297 3275 1922 354 
12863 4574 2616 1248 516 
9829 6297 3275 1922 354 
12863 4574 2616 1248 516 
9829 6297 3275 1922 354 
12863 4574 2616 1248 516 
9829 6297 3275 1922 354 
12863 4574 2616 1248 516 
9829 6297 3275 1922 354 
12863 4574 2616 1248 516 
9829 6297 3275 1922 354 
7550 6749 2797 1370 1034 
7846 6117 3032 1601 934 
7550 6749 2797 1370 1034 
7846 6117 3032 1601 934 
7550 6749 2797 1370 1034 
7846 6117 3032 1601 934 
7550 6749 2797 1370 1034 
7846 6117 3032 1601 934 
7550 6749 2797 1370 1034 
7846 6117 3032 1601 934 
7550 6749 2797 1370 1034 
7846 6117 3032 1601 934 
7550 6749 2797 1370 1034 
7846 6117 3032 1601 934 
7550 6749 2797 1370 1034 
7846 6117 3032 1601 934 
7550 6749 2797 1370 1034 
7846 6117 3032 1601 934 
7550 6749 2797 1370 1034 
7846 6117 3032 1601 934 
12937 3813 3130 1080 268 
17335 2177 1449 173 
12937 3813 3130 1080 268 
17335 2177 1449 173 
12937 3813 3130 1080 268 
17335 2177 1449 173 
12937 3813 3130 1080 268 
17335 2177 1449 173 
12937 3813 3130 1080 268 
17335 2177 1449 173 
12937 3813 3130 1080 268 
17335 2177 1449 173 
12937 3813 3130 1080 268 
17335 2177 1449 173 
12937 3813 3130 1080 268 
17335 2177 1449 173 
12937 3813 3130 1080 268 
17335 2177 1449 173 
12937 3813 3130 1080 268 
17335 2177 1449 173 
16677 740 
8130 4351 3162 1265 579 
16677 740 
8130 4351 3162 1265 579 
16677 740 
8130 4351 3162 1265 579 
16677 740 
8130 4351 3162 1265 579 
16677 740 
8130 4351 3162 1265 579 
16677 740 
8130 4351 3162 1265 579 
16677 740 
8130 4351 3162 1265 579 
16677 740 
8130 4351 3162 1265 579 
16677 740 
8130 4351 3162 1265 579 
16677 740 
8130 4351 3162 1265 579 
16786 1394 901 
9947 4766 2239 1199 910 
16786 1394 901 
9947 4766 2239 1199 910 
16786 1394 901 
9947 4766 2239 1199 910 
16786 1394 901 
9947 4766 2239 1199 910 
16786 1394 901 
9947 4766 2239 1199 910 
16786 1394 901 
9947 4766 2239 1199 910 
16786 1394 901 
9947 4766 2239 1199 910 
16786 1394 901 
9947 4766 2239 1199 910 
16786 1394 901 
9947 4766 2239 1199 910 
16786 1394 901 
9947 4766 2239 1199 910 
11994 8112 3410 2336 1001 388 
23349 2475 1111 52 39 
11994 8112 3410 2336 1001 388 
23349 2475 1111 52 39 
11994 8112 3410 2336 1001 388 
23349 2475 1111 52 39 
11994 8112 3410 2336 1001 388 
23349 2475 1111 52 39 
11994 8112 3410 2336 1001 388 
23349 2475 1111 52 39 
11994 8112 3410 2336 1001 388 
23349 2475 1111 52 39 
11994 8112 3410 2336 1001 388 
23349 2475 1111 52 39 
11994 8112 3410 2336 1001 388 
23349 2475 1111 52 39 
11994 8112 3410 2336 1001 388 
23349 2475 1111 52 39 
11994 8112 3410 2336 1001 388 
23349 2475 1111 52 39 
9878 4334 2363 965 
17071 441 
9878 4334 2363 965 
17071 441 
9878 4334 2363 965 
17071 441 
9878 4334 2363 965 
17071 441 
9878 4334 2363 965 
17071 441 
9878 4334 2363 965 
17071 441 
9878 4334 2363 965 
17071 441 
9878 4334 2363 965 
17071 441 
9878 4334 2363 965 
17071 441 
9878 4334 2363 965 
17071 441 
12146 4299 2796 1776 
7701 7683 4157 755 717 
12146 4299 2796 1776 
7701 7683 4157 755 717 
12146 4299 2796 1776 
7701 7683 4157 755 717 
12146 4299 2796 1776 
7701 7683 4157 755 717 
12146 4299 2796 1776 
7701 7683 4157 755 717 
12146 4299 2796 1776 
7701 7683 4157 755 717 
12146 4299 2796 1776 
7701 7683 4157 755 717 
12146 4299 2796 1776 
7701 7683 4157 755 717 
12146 4299 2796 1776 
7701 7683 4157 755 717 
12146 4299 2796 1776 
7701 7683 4157 755 717 
14287 6574 3724 3002 2192 1423 777 
14287 6574 3724 3002 2192 1423 777 
14287 6574 3724 3002 2192 1423 777 
14287 6574 3724 3002 2192 1423 777 
14287 6574 3724 3002 2192 1423 777 
14287 6574 3724 3002 2192 1423 777 
14287 6574 3724 3002 2192 1423 777 
14287 6574 3724 3002 2192 1423 777 
14287 6574 3724 3002 2192 1423 777 
14287 6574 3724 3002 2192 1423 777 
8755 3637 2540 1269 582 
6386 4158 3044 1741 1137 228 85 
8755 3637 2540 1269 582 
6386 4158 3044 1741 1137 228 85 
8755 3637 2540 1269 582 
6386 4158 3044 1741 1137 228 85 
8755 3637 2540 1269 582 
6386 4158 3044 1741 1137 228 85 
8755 3637 2540 1269 582 
6386 4158 3044 1741 1137 228 85 
8755 3637 2540 1269 582 
6386 4158 3044 1741 1137 228 85 
8755 3637 2540 1269 582 
6386 4158 3044 1741 1137 228 85 
8755 3637 2540 1269 582 
6386 4158 3044 1741 1137 228 85 
8755 3637 2540 1269 582 
6386 4158 3044 1741 1137 228 85 
8755 3637 2540 1269 582 
6386 4158 3044 1741 1137 228 85 
7863 6670 3526 1642 
17220 2217 214 61 
7863 6670 3526 1642 
17220 2217 214 61 
7863 6670 3526 1642 
17220 2217 214 61 
7863 6670 3526 1642 
17220 2217 214 61 
7863 6670 3526 1642 
17220 2217 214 61 
7863 6670 3526 1642 
17220 2217 214 61 
7863 6670 3526 1642 
17220 2217 214 61 
7863 6670 3526 1642 
17220 2217 214 61 
7863 6670 3526 1642 
17220 2217 214 61 
7863 6670 3526 1642 
17220 2217 214 61 
14463 1953 984 
7813 5208 2643 1616 76 
14463 1953 984 
7813 5208 2643 1616 76 
14463 1953 984 
7813 5208 2643 1616 76 
14463 1953 984 
7813 5208 2643 1616 76 
14463 1953 984 
7813 5208 2643 1616 76 
14463 1953 984 
7813 5208 2643 1616 76 
14463 1953 984 
7813 5208 2643 1616 76 
14463 1953 984 
7813 5208 2643 1616 76 
14463 1953 984 
7813 5208 2643 1616 76 
14463 1953 984 
7813 5208 2643 1616 76 
7327 4833 3388 1951 731 
16232 1540 566 
7327 4833 3388 1951 731 
16232 1540 566 
7327 4833 3388 1951 731 
16232 1540 566 
7327 4833 3388 1951 731 
16232 1540 566 
7327 4833 3388 1951 731 
16232 1540 566 
7327 4833 3388 1951 731 
16232 1540 566 
7327 4833 3388 1951 731 
16232 1540 566 
7327 4833 3388 1951 731 
16232 1540 566 
7327 4833 3388 1951 731 
16232 1540 566 
7327 4833 3388 1951 731 
16232 1540 566 
6950 3512 2698 1268 848 344 
14252 899 389 
6950 3512 2698 1268 848 344 
14252 899 389 
6950 3512 2698 1268 848 344 
14252 899 389 
6950 3512 2698 1268 848 344 
14252 899 389 
6950 3512 2698 1268 848 344 
14252 899 389 
6950 3512 2698 1268 848 344 
14252 899 389 
6950 3512 2698 1268 848 344 
14252 899 389 
6950 3512 2698 1268 848 344 
14252 899 389 
6950 3512 2698 1268 848 344 
14252 899 389 
6950 3512 2698 1268 848 344 
14252 899 389 
7740 5943 4169 2182 690 
12213 4191 2672 1297 374 
7740 5943 4169 2182 690 
12213 4191 2672 1297 374 
7740 5943 4169 2182 690 
12213 4191 2672 1297 374 
7740 5943 4169 2182 690 
12213 4191 2672 1297 374 
7740 5943 4169 2182 690 
12213 4191 2672 1297 374 
7740 5943 4169 2182 690 
12213 4191 2672 1297 374 
7740 5943 4169 2182 690 
12213 4191 2672 1297 374 
7740 5943 4169 2182 690 
12213 4191 2672 1297 374 
7740 5943 4169 2182 690 
12213 4191 2672 1297 374 
7740 5943 4169 2182 690 
12213 4191 2672 1297 374 
8318 7488 2904 1532 845 354 
18267 2150 724 34 
8318 7488 2904 1532 845 354 
18267 2150 724 34 
8318 7488 2904 1532 845 354 
18267 2150 724 34 
8318 7488 2904 1532 845 354 
18267 2150 724 34 
8318 7488 2904 1532 845 354 
18267 2150 724 34 
8318 7488 2904 1532 845 354 
18267 2150 724 34 
8318 7488 2904 1532 845 354 
18267 2150 724 34 
8318 7488 2904 1532 845 354 
18267 2150 724 34 
8318 7488 2904 1532 845 354 
18267 2150 724 34 
8318 7488 2904 1532 845 354 
18267 2150 724 34 
12567 4087 1854 791 
7740 7654 2158 1696 
12567 4087 1854 791 
7740 7654 2158 1696 
12567 4087 1854 791 
7740 7654 2158 1696 
12567 4087 1854 791 
7740 7654 2158 1696 
12567 4087 1854 791 
7740 7654 2158 1696 
12567 4087 1854 791 
7740 7654 2158 1696 
12567 4087 1854 791 
7740 7654 2158 1696 
12567 4087 1854 791 
7740 7654 2158 1696 
12567 4087 1854 791 
7740 7654 2158 1696 
12567 4087 1854 791 
7740 7654 2158 1696 
11631 5814 2877 1210 
19986 1437 146 
11631 5814 2877 1210 
19986 1437 146 
11631 5814 2877 1210 
19986 1437 146 
11631 5814 2877 1210 
19986 1437 146 
11631 5814 2877 1210 
19986 1437 146 
11631 5814 2877 1210 
19986 1437 146 
11631 5814 2877 1210 
19986 1437 146 
11631 5814 2877 1210 
19986 1437 146 
11631 5814 2877 1210 
19986 1437 146 
11631 5814 2877 1210 
19986 1437 146 
11129 6928 4147 3197 2501 1453 1035 823 
11129 6928 4147 3197 2501 1453 1035 823 
11129 6928 4147 3197 2501 1453 1035 823 
11129 6928 4147 3197 2501 1453 1035 823 
11129 6928 4147 3197 2501 1453 1035 823 
11129 6928 4147 3197 2501 1453 1035 823 
11129 6928 4147 3197 2501 1453 1035 823 
11129 6928 4147 3197 2501 1453 1035 823 
11129 6928 4147 3197 2501 1453 1035 823 
11129 6928 4147 3197 2501 1453 1035 823 
8041 6718 2823 1824 906 167 
9100 5380 4254 1175 451 91 
8041 6718 2823 1824 906 167 
9100 5380 4254 1175 451 91 
8041 6718 2823 1824 906 167 
9100 5380 4254 1175 451 91 
8041 6718 2823 1824 906 167 
9100 5380 4254 1175 451 91 
8041 6718 2823 1824 906 167 
9100 5380 4254 1175 451 91 
8041 6718 2823 1824 906 167 
9100 5380 4254 1175 451 91 
8041 6718 2823 1824 906 167 
9100 5380 4254 1175 451 91 
8041 6718 2823 1824 906 167 
9100 5380 4254 1175 451 91 
8041 6718 2823 1824 906 167 
9100 5380 4254 1175 451 91 
8041 6718 2823 1824 906 167 
9100 5380 4254 1175 451 91 
13717 2942 1663 545 
13919 2896 1553 474 
13717 2942 1663 545 
13919 2896 1553 474 
13717 2942 1663 545 
13919 2896 1553 474 
13717 2942 1663 545 
13919 2896 1553 474 
13717 2942 1663 545 
13919 2896 1553 474 
13717 2942 1663 545 
13919 2896 1553 474 
13717 2942 1663 545 
13919 2896 1553 474 
13717 2942 1663 545 
13919 2896 1553 474 
13717 2942 1663 545 
13919 2896 1553 474 
13717 2942 1663 545 
13919 2896 1553 474 
8832 7853 3895 1312 469 
13723 4753 2294 1311 191 
8832 7853 3895 1312 469 
13723 4753 2294 1311 191 
8832 7853 3895 1312 469 
13723 4753 2294 1311 191 
8832 7853 3895 1312 469 
13723 4753 2294 1311 191 
8832 7853 3895 1312 469 
13723 4753 2294 1311 191 
8832 7853 3895 1312 469 
13723 4753 2294 1311 191 
8832 7853 3895 1312 469 
13723 4753 2294 1311 191 
8832 7853 3895 1312 469 
13723 4753 2294 1311 191 
8832 7853 3895 1312 469 
13723 4753 2294 1311 191 
8832 7853 3895 1312 469 
13723 4753 2294 1311 191 
6040 4487 2233 1488 815 192 
5416 4569 3263 1224 617 33 
6040 4487 2233 1488 815 192 
5416 4569 3263 1224 617 33 
6040 4487 2233 1488 815 192 
5416 4569 3263 1224 617 33 
6040 4487 2233 1488 815 192 
5416 4569 3263 1224 617 33 
6040 4487 2233 1488 815 192 
5416 4569 3263 1224 617 33 
6040 4487 2233 1488 815 192 
5416 4569 3263 1224 617 33 
6040 4487 2233 1488 815 192 
5416 4569 3263 1224 617 33 
6040 4487 2233 1488 815 192 
5416 4569 3263 1224 617 33 
6040 4487 2233 1488 815 192 
5416 4569 3263 1224 617 33 
6040 4487 2233 1488 815 192 
5416 4569 3263 1224 617 33 
14795 4069 1732 873 344 
11727 4514 2868 1458 949 173 
14795 4069 1732 873 344 
11727 4514 2868 1458 949 173 
14795 4069 1732 873 344 
11727 4514 2868 1458 949 173 
14795 4069 1732 873 344 
11727 4514 2868 1458 949 173 
14795 4069 1732 873 344 
11727 4514 2868 1458 949 173 
14795 4069 1732 873 344 
11727 4514 2868 1458 949 173 
14795 4069 1732 873 344 
11727 4514 2868 1458 949 173 
14795 4069 1732 873 344 
11727 4514 2868 1458 949 173 
14795 4069 1732 873 344 
11727 4514 2868 1458 949 173 
14795 4069 1732 873 344 
11727 4514 2868 1458 949 173 
15201 4130 2788 1910 1526 582 483 46 
15201 4130 2788 1910 1526 582 483 46 
15201 4130 2788 1910 1526 582 483 46 
15201 4130 2788 1910 1526 582 483 46 
15201 4130 2788 1910 1526 582 483 46 
15201 4130 2788 1910 1526 582 483 46 
15201 4130 2788 1910 1526 582 483 46 
15201 4130 2788 1910 1526 582 483 46 
15201 4130 2788 1910 1526 582 483 46 
15201 4130 2788 1910 1526 582 483 46 
19214 2656 1531 
20463 2444 476 
19214 2656 1531 
20463 2444 476 
19214 2656 1531 
20463 2444 476 
19214 2656 1531 
20463 2444 476 
19214 2656 1531 
20463 2444 476 
19214 2656 1531 
20463 2444 476 
19214 2656 1531 
20463 2444 476 
19214 2656 1531 
20463 2444 476 
19214 2656 1531 
20463 2444 476 
19214 2656 1531 
20463 2444 476 
8691 7640 4707 3260 2745 2136 819 260 
8691 7640 4707 3260 2745 2136 819 260 
8691 7640 4707 3260 2745 2136 819 260 
8691 7640 4707 3260 2745 2136 819 260 
8691 7640 4707 3260 2745 2136 819 260 
8691 7640 4707 3260 2745 2136 819 260 
8691 7640 4707 3260 2745 2136 819 260 
8691 7640 4707 3260 2745 2136 819 260 
8691 7640 4707 3260 2745 2136 819 260 
8691 7640 4707 3260 2745 2136 819 260 
10998 2653 1549 872 316 
8526 3520 1739 1414 915 280 
10998 2653 1549 872 316 
8526 3520 1739 1414 915 280 
10998 2653 1549 872 316 
8526 3520 1739 1414 915 280 
10998 2653 1549 872 316 
8526 3520 1739 1414 915 280 
10998 2653 1549 872 316 
8526 3520 1739 1414 915 280 
10998 2653 1549 872 316 
8526 3520 1739 1414 915 280 
10998 2653 1549 872 316 
8526 3520 1739 1414 915 280 
10998 2653 1549 872 316 
8526 3520 1739 1414 915 280 
10998 2653 1549 872 316 
8526 3520 1739 1414 915 280 
10998 2653 1549 872 316 
8526 3520 1739 1414 915 280 
12560 3365 1558 354 172 
10626 4173 1825 1330 42 
12560 3365 1558 354 172 
10626 4173 1825 1330 42 
12560 3365 1558 354 172 
10626 4173 1825 1330 42 
12560 3365 1558 354 172 
10626 4173 1825 1330 42 
12560 3365 1558 354 172 
10626 4173 1825 1330 42 
12560 3365 1558 354 172 
10626 4173 1825 1330 42 
12560 3365 1558 354 172 
10626 4173 1825 1330 42 
12560 3365 1558 354 172 
10626 4173 1825 1330 42 
12560 3365 1558 354 172 
10626 4173 1825 1330 42 
12560 3365 1558 354 172 
10626 4173 1825 1330 42 
12717 2043 1182 558 
11158 3154 1832 68 
12717 2043 1182 558 
11158 3154 1832 68 
12717 2043 1182 558 
11158 3154 1832 68 
12717 2043 1182 558 
11158 3154 1832 68 
12717 2043 1182 558 
11158 3154 1832 68 
12717 2043 1182 558 
11158 3154 1832 68 
12717 2043 1182 558 
11158 3154 1832 68 
12717 2043 1182 558 
11158 3154 1832 68 
12717 2043 1182 558 
11158 3154 1832 68 
12717 2043 1182 558 
11158 3154 1832 68 
9957 6324 4102 2733 1527 1144 640 261 24 
9957 6324 4102 2733 1527 1144 640 261 24 
9957 6324 4102 2733 1527 1144 640 261 24 
9957 6324 4102 2733 1527 1144 640 261 24 
9957 6324 4102 2733 1527 1144 640 261 24 
9957 6324 4102 2733 1527 1144 640 261 24 
9957 6324 4102 2733 1527 1144 640 261 24 
9957 6324 4102 2733 1527 1144 640 261 24 
9957 6324 4102 2733 1527 1144 640 261 24 
9957 6324 4102 2733 1527 1144 640 261 24 
6241 5054 3927 2834 768 303 
14504 3110 1250 126 
6241 5054 3927 2834 768 303 
14504 3110 1250 126 
6241 5054 3927 2834 768 303 
14504 3110 1250 126 
6241 5054 3927 2834 768 303 
14504 3110 1250 126 
6241 5054 3927 2834 768 303 
14504 3110 1250 126 
6241 5054 3927 2834 768 303 
14504 3110 1250 126 
6241 5054 3927 2834 768 303 
14504 3110 1250 126 
6241 5054 3927 2834 768 303 
14504 3110 1250 126 
6241 5054 3927 2834 768 303 
14504 3110 1250 126 
6241 5054 3927 2834 768 303 
14504 3110 1250 126 
5394 4893 2619 1512 1152 
10747 2269 1418 874 291 
5394 4893 2619 1512 1152 
10747 2269 1418 874 291 
5394 4893 2619 1512 1152 
10747 2269 1418 874 291 
5394 4893 2619 1512 1152 
10747 2269 1418 874 291 
5394 4893 2619 1512 1152 
10747 2269 1418 874 291 
5394 4893 2619 1512 1152 
10747 2269 1418 874 291 
5394 4893 2619 1512 1152 
10747 2269 1418 874 291 
5394 4893 2619 1512 1152 
10747 2269 1418 874 291 
5394 4893 2619 1512 1152 
10747 2269 1418 874 291 
5394 4893 2619 1512 1152 
10747 2269 1418 874 291 
10356 4760 2763 1634 442 
7548 5159 3431 2656 1130 71 
10356 4760 2763 1634 442 
7548 5159 3431 2656 1130 71 
10356 4760 2763 1634 442 
7548 5159 3431 2656 1130 71 
10356 4760 2763 1634 442 
7548 5159 3431 2656 1130 71 
10356 4760 2763 1634 442 
7548 5159 3431 2656 1130 71 
10356 4760 2763 1634 442 
7548 5159 3431 2656 1130 71 
10356 4760 2763 1634 442 
7548 5159 3431 2656 1130 71 
10356 4760 2763 1634 442 
7548 5159 3431 2656 1130 71 
10356 4760 2763 1634 442 
7548 5159 3431 2656 1130 71 
10356 4760 2763 1634 442 
7548 5159 3431 2656 1130 71 
9345 7145 4206 3343 2379 1545 1404 418 
9345 7145 4206 3343 2379 1545 1404 418 
9345 7145 4206 3343 2379 1545 1404 418 
9345 7145 4206 3343 2379 1545 1404 418 
9345 7145 4206 3343 2379 1545 1404 418 
9345 7145 4206 3343 2379 1545 1404 418 
9345 7145 4206 3343 2379 1545 1404 418 
9345 7145 4206 3343 2379 1545 1404 418 
9345 7145 4206 3343 2379 1545 1404 418 
9345 7145 4206 3343 2379 1545 1404 418 
10161 5584 2279 1012 114 86 
10175 4883 2484 1570 105 
10161 5584 2279 1012 114 86 
10175 4883 2484 1570 105 
10161 5584 2279 1012 114 86 
10175 4883 2484 1570 105 
10161 5584 2279 1012 114 86 
10175 4883 2484 1570 105 
10161 5584 2279 1012 114 86 
10175 4883 2484 1570 105 
10161 5584 2279 1012 114 86 
10175 4883 2484 1570 105 
10161 5584 2279 1012 114 86 
10175 4883 2484 1570 105 
10161 5584 2279 1012 114 86 
10175 4883 2484 1570 105 
10161 5584 2279 1012 114 86 
10175 4883 2484 1570 105 
10161 5584 2279 1012 114 86 
10175 4883 2484 1570 105 
9268 2798 1580 1186 641 331 
4689 4595 2777 1600 1147 709 67 
9268 2798 1580 1186 641 331 
4689 4595 2777 1600 1147 709 67 
9268 2798 1580 1186 641 331 
4689 4595 2777 1600 1147 709 67 
9268 2798 1580 1186 641 331 
4689 4595 2777 1600 1147 709 67 
9268 2798 1580 1186 641 331 
4689 4595 2777 1600 1147 709 67 
9268 2798 1580 1186 641 331 
4689 4595 2777 1600 1147 709 67 
9268 2798 1580 1186 641 331 
4689 4595 2777 1600 1147 709 67 
9268 2798 1580 1186 641 331 
4689 4595 2777 1600 1147 709 67 
9268 2798 1580 1186 641 331 
4689 4595 2777 1600 1147 709 67 
9268 2798 1580 1186 641 331 
4689 4595 2777 1600 1147 709 67 
10697 6371 2308 1393 
7779 7140 4031 1733 85 
10697 6371 2308 1393 
7779 7140 4031 1733 85 
10697 6371 2308 1393 
7779 7140 4031 1733 85 
10697 6371 2308 1393 
7779 7140 4031 1733 85 
10697 6371 2308 1393 
7779 7140 4031 1733 85 
10697 6371 2308 1393 
7779 7140 4031 1733 85 
10697 6371 2308 1393 
7779 7140 4031 1733 85 
10697 6371 2308 1393 
7779 7140 4031 1733 85 
10697 6371 2308 1393 
7779 7140 4031 1733 85 
10697 6371 2308 1393 
7779 7140 4031 1733 85 
8379 6640 2799 1829 1404 805 571 240 
8379 6640 2799 1829 1404 805 571 240 
8379 6640 2799 1829 1404 805 571 240 
8379 6640 2799 1829 1404 805 571 240 
8379 6640 2799 1829 1404 805 571 240 
8379 6640 2799 1829 1404 805 571 240 
8379 6640 2799 1829 1404 805 571 240 
8379 6640 2799 1829 1404 805 571 240 
8379 6640 2799 1829 1404 805 571 240 
8379 6640 2799 1829 1404 805 571 240 
11119 7049 6205 3682 2733 1214 1024 796 98 24 
11119 7049 6205 3682 2733 1214 1024 796 98 24 
11119 7049 6205 3682 2733 1214 1024 796 98 24 
11119 7049 6205 3682 2733 1214 1024 796 98 24 
11119 7049 6205 3682 2733 1214 1024 796 98 24 
11119 7049 6205 3682 2733 1214 1024 796 98 24 
11119 7049 6205 3682 2733 1214 1024 796 98 24 
11119 7049 6205 3682 2733 1214 1024 796 98 24 
11119 7049 6205 3682 2733 1214 1024 796 98 24 
11119 7049 6205 3682 2733 1214 1024 796 98 24 
11435 4296 3786 1753 1403 1092 772 474 189 
11435 4296 3786 1753 1403 1092 772 474 189 
11435 4296 3786 1753 1403 1092 772 474 189 
11435 4296 3786 1753 1403 1092 772 474 189 
11435 4296 3786 1753 1403 1092 772 474 189 
11435 4296 3786 1753 1403 1092 772 474 189 
11435 4296 3786 1753 1403 1092 772 474 189 
11435 4296 3786 1753 1403 1092 772 474 189 
11435 4296 3786 1753 1403 1092 772 474 189 
11435 4296 3786 1753 1403 1092 772 474 189 
13351 3356 2157 730 
10710 4548 2606 1483 156 
13351 3356 2157 730 
10710 4548 2606 1483 156 
13351 3356 2157 730 
10710 4548 2606 1483 156 
13351 3356 2157 730 
10710 4548 2606 1483 156 
13351 3356 2157 730 
10710 4548 2606 1483 156 
13351 3356 2157 730 
10710 4548 2606 1483 156 
13351 3356 2157 730 
10710 4548 2606 1483 156 
13351 3356 2157 730 
10710 4548 2606 1483 156 
13351 3356 2157 730 
10710 4548 2606 1483 156 
13351 3356 2157 730 
10710 4548 2606 1483 156 
14676 
8544 2920 1681 901 462 169 
14676 
8544 2920 1681 901 462 169 
14676 
8544 2920 1681 901 462 169 
14676 
8544 2920 1681 901 462 169 
14676 
8544 2920 1681 901 462 169 
14676 
8544 2920 1681 901 462 169 
14676 
8544 2920 1681 901 462 169 
14676 
8544 2920 1681 901 462 169 
14676 
8544 2920 1681 901 462 169 
14676 
8544 2920 1681 901 462 169 
9268 5773 4601 2086 914 128 87 
19656 2058 1066 
9268 5773 4601 2086 914 128 87 
19656 2058 1066 
9268 5773 4601 2086 914 128 87 
19656 2058 1066 
9268 5773 4601 2086 914 128 87 
19656 2058 1066 
9268 5773 4601 2086 914 128 87 
19656 2058 1066 
9268 5773 4601 2086 914 128 87 
19656 2058 1066 
9268 5773 4601 2086 914 128 87 
19656 2058 1066 
9268 5773 4601 2086 914 128 87 
19656 2058 1066 
9268 5773 4601 2086 914 128 87 
19656 2058 1066 
9268 5773 4601 2086 914 128 87 
19656 2058 1066 
15217 2584 826 261 
13299 2647 1541 1223 154 
15217 2584 826 261 
13299 2647 1541 1223 154 
15217 2584 826 261 
13299 2647 1541 1223 154 
15217 2584 826 261 
13299 2647 1541 1223 154 
15217 2584 826 261 
13299 2647 1541 1223 154 
15217 2584 826 261 
13299 2647 1541 1223 154 
15217 2584 826 261 
13299 2647 1541 1223 154 
15217 2584 826 261 
13299 2647 1541 1223 154 
15217 2584 826 261 
13299 2647 1541 1223 154 
15217 2584 826 261 
13299 2647 1541 1223 154 
28320 2573 1328 974 294 64 
28320 2573 1328 974 294 64 
28320 2573 1328 974 294 64 
28320 2573 1328 974 294 64 
28320 2573 1328 974 294 64 
28320 2573 1328 974 294 64 
28320 2573 1328 974 294 64 
28320 2573 1328 974 294 64 
28320 2573 1328 974 294 64 
28320 2573 1328 974 294 64 
11416 3463 1505 479 
9453 4582 2096 618 112 
11416 3463 1505 479 
9453 4582 2096 618 112 
11416 3463 1505 479 
9453 4582 2096 618 112 
11416 3463 1505 479 
9453 4582 2096 618 112 
11416 3463 1505 479 
9453 4582 2096 618 112 
11416 3463 1505 479 
9453 4582 2096 618 112 
11416 3463 1505 479 
9453 4582 2096 618 112 
11416 3463 1505 479 
9453 4582 2096 618 112 
11416 3463 1505 479 
9453 4582 2096 618 112 
11416 3463 1505 479 
9453 4582 2096 618 112 
11081 3980 2183 533 
6768 5984 3340 1142 579 
11081 3980 2183 533 
6768 5984 3340 1142 579 
11081 3980 2183 533 
6768 5984 3340 1142 579 
11081 3980 2183 533 
6768 5984 3340 1142 579 
11081 3980 2183 533 
6768 5984 3340 1142 579 
11081 3980 2183 533 
6768 5984 3340 1142 579 
11081 3980 2183 533 
6768 5984 3340 1142 579 
11081 3980 2183 533 
6768 5984 3340 1142 579 
11081 3980 2183 533 
6768 5984 3340 1142 579 
11081 3980 2183 533 
6768 5984 3340 1142 579 
16808 3801 1687 
15326 4016 2466 499 
16808 3801 1687 
15326 4016 2466 499 
16808 3801 1687 
15326 4016 2466 499 
16808 3801 1687 
15326 4016 2466 499 
16808 3801 1687 
15326 4016 2466 499 
16808 3801 1687 
15326 4016 2466 499 
16808 3801 1687 
15326 4016 2466 499 
16808 3801 1687 
15326 4016 2466 499 
16808 3801 1687 
15326 4016 2466 499 
16808 3801 1687 
15326 4016 2466 499 
10890 4464 2274 1627 
10499 4994 2230 1444 66 
10890 4464 2274 1627 
10499 4994 2230 1444 66 
10890 4464 2274 1627 
10499 4994 2230 1444 66 
10890 4464 2274 1627 
10499 4994 2230 1444 66 
10890 4464 2274 1627 
10499 4994 2230 1444 66 
10890 4464 2274 1627 
10499 4994 2230 1444 66 
10890 4464 2274 1627 
10499 4994 2230 1444 66 
10890 4464 2274 1627 
10499 4994 2230 1444 66 
10890 4464 2274 1627 
10499 4994 2230 1444 66 
10890 4464 2274 1627 
10499 4994 2230 1444 66 
8651 4265 2872 1483 1041 
7177 6952 2296 1371 505 
8651 4265 2872 1483 1041 
7177 6952 2296 1371 505 
8651 4265 2872 1483 1041 
7177 6952 2296 1371 505 
8651 4265 2872 1483 1041 
7177 6952 2296 1371 505 
8651 4265 2872 1483 1041 
7177 6952 2296 1371 505 
8651 4265 2872 1483 1041 
7177 6952 2296 1371 505 
8651 4265 2872 1483 1041 
7177 6952 2296 1371 505 
8651 4265 2872 1483 1041 
7177 6952 2296 1371 505 
8651 4265 2872 1483 1041 
7177 6952 2296 1371 505 
8651 4265 2872 1483 1041 
7177 6952 2296 1371 505 
9062 5389 3799 2560 1721 1523 803 733 61 
9062 5389 3799 2560 1721 1523 803 733 61 
9062 5389 3799 2560 1721 1523 803 733 61 
9062 5389 3799 2560 1721 1523 803 733 61 
9062 5389 3799 2560 1721 1523 803 733 61 
9062 5389 3799 2560 1721 1523 803 733 61 
9062 5389 3799 2560 1721 1523 803 733 61 
9062 5389 3799 2560 1721 1523 803 733 61 
9062 5389 3799 2560 1721 1523 803 733 61 
9062 5389 3799 2560 1721 1523 803 733 61 
9794 8418 5390 3165 1913 1152 803 161 
9794 8418 5390 3165 1913 1152 803 161 
9794 8418 5390 3165 1913 1152 803 161 
9794 8418 5390 3165 1913 1152 803 161 
9794 8418 5390 3165 1913 1152 803 161 
9794 8418 5390 3165 1913 1152 803 161 
9794 8418 5390 3165 1913 1152 803 161 
9794 8418 5390 3165 1913 1152 803 161 
9794 8418 5390 3165 1913 1152 803 161 
9794 8418 5390 3165 1913 1152 803 161 
16631 2123 1173 
11829 4141 2145 1687 135 
16631 2123 1173 
11829 4141 2145 1687 135 
16631 2123 1173 
11829 4141 2145 1687 135 
16631 2123 1173 
11829 4141 2145 1687 135 
16631 2123 1173 
11829 4141 2145 1687 135 
16631 2123 1173 
11829 4141 2145 1687 135 
16631 2123 1173 
11829 4141 2145 1687 135 
16631 2123 1173 
11829 4141 2145 1687 135 
16631 2123 1173 
11829 4141 2145 1687 135 
16631 2123 1173 
11829 4141 2145 1687 135 
8332 4339 2454 1735 903 
8720 4161 2428 1609 618 241 
8332 4339 2454 1735 903 
8720 4161 2428 1609 618 241 
8332 4339 2454 1735 903 
8720 4161 2428 1609 618 241 
8332 4339 2454 1735 903 
8720 4161 2428 1609 618 241 
8332 4339 2454 1735 903 
8720 4161 2428 1609 618 241 
8332 4339 2454 1735 903 
8720 4161 2428 1609 618 241 
8332 4339 2454 1735 903 
8720 4161 2428 1609 618 241 
8332 4339 2454 1735 903 
8720 4161 2428 1609 618 241 
8332 4339 2454 1735 903 
8720 4161 2428 1609 618 241 
8332 4339 2454 1735 903 
8720 4161 2428 1609 618 241 
7690 4544 3733 1054 
5806 4998 4066 1761 42 
7690 4544 3733 1054 
5806 4998 4066 1761 42 
7690 4544 3733 1054 
5806 4998 4066 1761 42 
7690 4544 3733 1054 
5806 4998 4066 1761 42 
7690 4544 3733 1054 
5806 4998 4066 1761 42 
7690 4544 3733 1054 
5806 4998 4066 1761 42 
7690 4544 3733 1054 
5806 4998 4066 1761 42 
7690 4544 3733 1054 
5806 4998 4066 1761 42 
7690 4544 3733 1054 
5806 4998 4066 1761 42 
7690 4544 3733 1054 
5806 4998 4066 1761 42 
12733 2502 1278 1011 
10069 3891 2117 1099 375 
12733 2502 1278 1011 
10069 3891 2117 1099 375 
12733 2502 1278 1011 
10069 3891 2117 1099 375 
12733 2502 1278 1011 
10069 3891 2117 1099 375 
12733 2502 1278 1011 
10069 3891 2117 1099 375 
12733 2502 1278 1011 
10069 3891 2117 1099 375 
12733 2502 1278 1011 
10069 3891 2117 1099 375 
12733 2502 1278 1011 
10069 3891 2117 1099 375 
12733 2502 1278 1011 
10069 3891 2117 1099 375 
12733 2502 1278 1011 
10069 3891 2117 1099 375 
11043 6521 4686 3343 2122 1613 1034 220 
11043 6521 4686 3343 2122 1613 1034 220 
11043 6521 4686 3343 2122 1613 1034 220 
11043 6521 4686 3343 2122 1613 1034 220 
11043 6521 4686 3343 2122 1613 1034 220 
11043 6521 4686 3343 2122 1613 1034 220 
11043 6521 4686 3343 2122 1613 1034 220 
11043 6521 4686 3343 2122 1613 1034 220 
11043 6521 4686 3343 2122 1613 1034 220 
11043 6521 4686 3343 2122 1613 1034 220 
17772 3283 1450 340 
9287 6597 4322 2205 404 
17772 3283 1450 340 
9287 6597 4322 2205 404 
17772 3283 1450 340 
9287 6597 4322 2205 404 
17772 3283 1450 340 
9287 6597 4322 2205 404 
17772 3283 1450 340 
9287 6597 4322 2205 404 
17772 3283 1450 340 
9287 6597 4322 2205 404 
17772 3283 1450 340 
9287 6597 4322 2205 404 
17772 3283 1450 340 
9287 6597 4322 2205 404 
17772 3283 1450 340 
9287 6597 4322 2205 404 
17772 3283 1450 340 
9287 6597 4322 2205 404 
9844 3380 2329 1548 
6634 3719 3256 2229 963 291 
9844 3380 2329 1548 
6634 3719 3256 2229 963 291 
9844 3380 2329 1548 
6634 3719 3256 2229 963 291 
9844 3380 2329 1548 
6634 3719 3256 2229 963 291 
9844 3380 2329 1548 
6634 3719 3256 2229 963 291 
9844 3380 2329 1548 
6634 3719 3256 2229 963 291 
9844 3380 2329 1548 
6634 3719 3256 2229 963 291 
9844 3380 2329 1548 
6634 3719 3256 2229 963 291 
9844 3380 2329 1548 
6634 3719 3256 2229 963 291 
9844 3380 2329 1548 
6634 3719 3256 2229 963 291 
19297 4930 3083 2069 1663 1176 783 353 
19297 4930 3083 2069 1663 1176 783 353 
19297 4930 3083 2069 1663 1176 783 353 
19297 4930 3083 2069 1663 1176 783 353 
19297 4930 3083 2069 1663 1176 783 353 
19297 4930 3083 2069 1663 1176 783 353 
19297 4930 3083 2069 1663 1176 783 353 
19297 4930 3083 2069 1663 1176 783 353 
19297 4930 3083 2069 1663 1176 783 353 
19297 4930 3083 2069 1663 1176 783 353 
13069 4629 810 330 
16709 2098 
13069 4629 810 330 
16709 2098 
13069 4629 810 330 
16709 2098 
13069 4629 810 330 
16709 2098 
13069 4629 810 330 
16709 2098 
13069 4629 810 330 
16709 2098 
13069 4629 810 330 
16709 2098 
13069 4629 810 330 
16709 2098 
13069 4629 810 330 
16709 2098 
13069 4629 810 330 
16709 2098 
16591 2948 1779 
7174 6328 3969 2816 1080 
16591 2948 1779 
7174 6328 3969 2816 1080 
16591 2948 1779 
7174 6328 3969 2816 1080 
16591 2948 1779 
7174 6328 3969 2816 1080 
16591 2948 1779 
7174 6328 3969 2816 1080 
16591 2948 1779 
7174 6328 3969 2816 1080 
16591 2948 1779 
7174 6328 3969 2816 1080 
16591 2948 1779 
7174 6328 3969 2816 1080 
16591 2948 1779 
7174 6328 3969 2816 1080 
16591 2948 1779 
7174 6328 3969 2816 1080 
11459 5529 2551 1077 
8731 7599 2942 1384 
11459 5529 2551 1077 
8731 7599 2942 1384 
11459 5529 2551 1077 
8731 7599 2942 1384 
11459 5529 2551 1077 
8731 7599 2942 1384 
11459 5529 2551 1077 
8731 7599 2942 1384 
11459 5529 2551 1077 
8731 7599 2942 1384 
11459 5529 2551 1077 
8731 7599 2942 1384 
11459 5529 2551 1077 
8731 7599 2942 1384 
11459 5529 2551 1077 
8731 7599 2942 1384 
11459 5529 2551 1077 
8731 7599 2942 1384 
9815 5958 2859 2090 750 
15615 3206 1856 784 
9815 5958 2859 2090 750 
15615 3206 1856 784 
9815 5958 2859 2090 750 
15615 3206 1856 784 
9815 5958 2859 2090 750 
15615 3206 1856 784 
9815 5958 2859 2090 750 
15615 3206 1856 784 
9815 5958 2859 2090 750 
15615 3206 1856 784 
9815 5958 2859 2090 750 
15615 3206 1856 784 
9815 5958 2859 2090 750 
15615 3206 1856 784 
9815 5958 2859 2090 750 
15615 3206 1856 784 
9815 5958 2859 2090 750 
15615 3206 1856 784 
7656 6326 4964 3467 2019 295 
19137 3084 2179 299 
7656 6326 4964 3467 2019 295 
19137 3084 2179 299 
7656 6326 4964 3467 2019 295 
19137 3084 2179 299 
7656 6326 4964 3467 2019 295 
19137 3084 2179 299 
7656 6326 4964 3467 2019 295 
19137 3084 2179 299 
7656 6326 4964 3467 2019 295 
19137 3084 2179 299 
7656 6326 4964 3467 2019 295 
19137 3084 2179 299 
7656 6326 4964 3467 2019 295 
19137 3084 2179 299 
7656 6326 4964 3467 2019 295 
19137 3084 2179 299 
7656 6326 4964 3467 2019 295 
19137 3084 2179 299 
5591 4061 3066 1602 1457 587 
8856 3532 2312 1227 387 145 
5591 4061 3066 1602 1457 587 
8856 3532 2312 1227 387 145 
5591 4061 3066 1602 1457 587 
8856 3532 2312 1227 387 145 
5591 4061 3066 1602 1457 587 
8856 3532 2312 1227 387 145 
5591 4061 3066 1602 1457 587 
8856 3532 2312 1227 387 145 
5591 4061 3066 1602 1457 587 
8856 3532 2312 1227 387 145 
5591 4061 3066 1602 1457 587 
8856 3532 2312 1227 387 145 
5591 4061 3066 1602 1457 587 
8856 3532 2312 1227 387 145 
5591 4061 3066 1602 1457 587 
8856 3532 2312 1227 387 145 
5591 4061 3066 1602 1457 587 
8856 3532 2312 1227 387 145 
10804 4715 3781 2267 1655 1235 938 453 80 
10804 4715 3781 2267 1655 1235 938 453 80 
10804 4715 3781 2267 1655 1235 938 453 80 
10804 4715 3781 2267 1655 1235 938 453 80 
10804 4715 3781 2267 1655 1235 938 453 80 
10804 4715 3781 2267 1655 1235 938 453 80 
10804 4715 3781 2267 1655 1235 938 453 80 
10804 4715 3781 2267 1655 1235 938 453 80 
10804 4715 3781 2267 1655 1235 938 453 80 
10804 4715 3781 2267 1655 1235 938 453 80 
9063 2651 1670 1374 459 233 
6379 3550 2288 1589 1286 330 
9063 2651 1670 1374 459 233 
6379 3550 2288 1589 1286 330 
9063 2651 1670 1374 459 233 
6379 3550 2288 1589 1286 330 
9063 2651 1670 1374 459 233 
6379 3550 2288 1589 1286 330 
9063 2651 1670 1374 459 233 
6379 3550 2288 1589 1286 330 
9063 2651 1670 1374 459 233 
6379 3550 2288 1589 1286 330 
9063 2651 1670 1374 459 233 
6379 3550 2288 1589 1286 330 
9063 2651 1670 1374 459 233 
6379 3550 2288 1589 1286 330 
9063 2651 1670 1374 459 233 
6379 3550 2288 1589 1286 330 
9063 2651 1670 1374 459 233 
6379 3550 2288 1589 1286 330 
9190 3917 2887 2379 74 
17838 586 
9190 3917 2887 2379 74 
17838 586 
9190 3917 2887 2379 74 
17838 586 
9190 3917 2887 2379 74 
17838 586 
9190 3917 2887 2379 74 
17838 586 
9190 3917 2887 2379 74 
17838 586 
9190 3917 2887 2379 74 
17838 586 
9190 3917 2887 2379 74 
17838 586 
9190 3917 2887 2379 74 
17838 586 
9190 3917 2887 2379 74 
17838 586 
13110 5635 4062 2706 1882 1384 970 512 
13110 5635 4062 2706 1882 1384 970 512 
13110 5635 4062 2706 1882 1384 970 512 
13110 5635 4062 2706 1882 1384 970 512 
13110 5635 4062 2706 1882 1384 970 512 
13110 5635 4062 2706 1882 1384 970 512 
13110 5635 4062 2706 1882 1384 970 512 
13110 5635 4062 2706 1882 1384 970 512 
13110 5635 4062 2706 1882 1384 970 512 
13110 5635 4062 2706 1882 1384 970 512 
12622 5912 3017 2075 1551 991 841 578 25 
12622 5912 3017 2075 1551 991 841 578 25 
12622 5912 3017 2075 1551 991 841 578 25 
12622 5912 3017 2075 1551 991 841 578 25 
12622 5912 3017 2075 1551 991 841 578 25 
12622 5912 3017 2075 1551 991 841 578 25 
12622 5912 3017 2075 1551 991 841 578 25 
12622 5912 3017 2075 1551 991 841 578 25 
12622 5912 3017 2075 1551 991 841 578 25 
12622 5912 3017 2075 1551 991 841 578 25 
29766 21 
29766 21 
29766 21 
29766 21 
29766 21 
29766 21 
29766 21 
29766 21 
29766 21 
29766 21 
8392 3657 2177 1196 813 259 201 176 
8392 3657 2177 1196 813 259 201 176 
8392 3657 2177 1196 813 259 201 176 
8392 3657 2177 1196 813 259 201 176 
8392 3657 2177 1196 813 259 201 176 
8392 3657 2177 1196 813 259 201 176 
8392 3657 2177 1196 813 259 201 176 
8392 3657 2177 1196 813 259 201 176 
8392 3657 2177 1196 813 259 201 176 
8392 3657 2177 1196 813 259 201 176 
17245 6194 3984 2196 1399 769 217 151 
17245 6194 3984 2196 1399 769 217 151 
17245 6194 3984 2196 1399 769 217 151 
17245 6194 3984 2196 1399 769 217 151 
17245 6194 3984 2196 1399 769 217 151 
17245 6194 3984 2196 1399 769 217 151 
17245 6194 3984 2196 1399 769 217 151 
17245 6194 3984 2196 1399 769 217 151 
17245 6194 3984 2196 1399 769 217 151 
17245 6194 3984 2196 1399 769 217 151 
6015 5020 4330 2637 924 664 315 
7111 4619 3403 2754 1222 589 188 
6015 5020 4330 2637 924 664 315 
7111 4619 3403 2754 1222 589 188 
6015 5020 4330 2637 924 664 315 
7111 4619 3403 2754 1222 589 188 
6015 5020 4330 2637 924 664 315 
7111 4619 3403 2754 1222 589 188 
6015 5020 4330 2637 924 664 315 
7111 4619 3403 2754 1222 589 188 
6015 5020 4330 2637 924 664 315 
7111 4619 3403 2754 1222 589 188 
6015 5020 4330 2637 924 664 315 
7111 4619 3403 2754 1222 589 188 
6015 5020 4330 2637 924 664 315 
7111 4619 3403 2754 1222 589 188 
6015 5020 4330 2637 924 664 315 
7111 4619 3403 2754 1222 589 188 
6015 5020 4330 2637 924 664 315 
7111 4619 3403 2754 1222 589 188 
7041 6371 3470 1670 391 114 
12407 3496 1889 711 449 72 
7041 6371 3470 1670 391 114 
12407 3496 1889 711 449 72 
7041 6371 3470 1670 391 114 
12407 3496 1889 711 449 72 
7041 6371 3470 1670 391 114 
12407 3496 1889 711 449 72 
7041 6371 3470 1670 391 114 
12407 3496 1889 711 449 72 
7041 6371 3470 1670 391 114 
12407 3496 1889 711 449 72 
7041 6371 3470 1670 391 114 
12407 3496 1889 711 449 72 
7041 6371 3470 1670 391 114 
12407 3496 1889 711 449 72 
7041 6371 3470 1670 391 114 
12407 3496 1889 711 449 72 
7041 6371 3470 1670 391 114 
12407 3496 1889 711 449 72 
8028 6781 2917 1204 449 
7345 7089 3873 947 191 
8028 6781 2917 1204 449 
7345 7089 3873 947 191 
8028 6781 2917 1204 449 
7345 7089 3873 947 191 
8028 6781 2917 1204 449 
7345 7089 3873 947 191 
8028 6781 2917 1204 449 
7345 7089 3873 947 191 
8028 6781 2917 1204 449 
7345 7089 3873 947 191 
8028 6781 2917 1204 449 
7345 7089 3873 947 191 
8028 6781 2917 1204 449 
7345 7089 3873 947 191 
8028 6781 2917 1204 449 
7345 7089 3873 947 191 
8028 6781 2917 1204 449 
7345 7089 3873 947 191 
7654 7347 3283 2358 2347 1351 945 376 214 38 
7654 7347 3283 2358 2347 1351 945 376 214 38 
7654 7347 3283 2358 2347 1351 945 376 214 38 
7654 7347 3283 2358 2347 1351 945 376 214 38 
7654 7347 3283 2358 2347 1351 945 376 214 38 
7654 7347 3283 2358 2347 1351 945 376 214 38 
7654 7347 3283 2358 2347 1351 945 376 214 38 
7654 7347 3283 2358 2347 1351 945 376 214 38 
7654 7347 3283 2358 2347 1351 945 376 214 38 
7654 7347 3283 2358 2347 1351 945 376 214 38 
12466 4476 1666 
11420 4565 1784 486 191 172 
12466 4476 1666 
11420 4565 1784 486 191 172 
12466 4476 1666 
11420 4565 1784 486 191 172 
12466 4476 1666 
11420 4565 1784 486 191 172 
12466 4476 1666 
11420 4565 1784 486 191 172 
12466 4476 1666 
11420 4565 1784 486 191 172 
12466 4476 1666 
11420 4565 1784 486 191 172 
12466 4476 1666 
11420 4565 1784 486 191 172 
12466 4476 1666 
11420 4565 1784 486 191 172 
12466 4476 1666 
11420 4565 1784 486 191 172 
8424 7369 5187 2392 1615 1243 927 818 205 
8424 7369 5187 2392 1615 1243 927 818 205 
8424 7369 5187 2392 1615 1243 927 818 205 
8424 7369 5187 2392 1615 1243 927 818 205 
8424 7369 5187 2392 1615 1243 927 818 205 
8424 7369 5187 2392 1615 1243 927 818 205 
8424 7369 5187 2392 1615 1243 927 818 205 
8424 7369 5187 2392 1615 1243 927 818 205 
8424 7369 5187 2392 1615 1243 927 818 205 
8424 7369 5187 2392 1615 1243 927 818 205 
12213 6465 3656 2263 1591 1200 849 414 182 
12213 6465 3656 2263 1591 1200 849 414 182 
12213 6465 3656 2263 1591 1200 849 414 182 
12213 6465 3656 2263 1591 1200 849 414 182 
12213 6465 3656 2263 1591 1200 849 414 182 
12213 6465 3656 2263 1591 1200 849 414 182 
12213 6465 3656 2263 1591 1200 849 414 182 
12213 6465 3656 2263 1591 1200 849 414 182 
12213 6465 3656 2263 1591 1200 849 414 182 
12213 6465 3656 2263 1591 1200 849 414 182 
6539 4253 3839 3301 2522 1740 1109 570 169 
6539 4253 3839 3301 2522 1740 1109 570 169 
6539 4253 3839 3301 2522 1740 1109 570 169 
6539 4253 3839 3301 2522 1740 1109 570 169 
6539 4253 3839 3301 2522 1740 1109 570 169 
6539 4253 3839 3301 2522 1740 1109 570 169 
6539 4253 3839 3301 2522 1740 1109 570 169 
6539 4253 3839 3301 2522 1740 1109 570 169 
6539 4253 3839 3301 2522 1740 1109 570 169 
6539 4253 3839 3301 2522 1740 1109 570 169 
11691 5600 2356 1796 1075 935 186 
11691 5600 2356 1796 1075 935 186 
11691 5600 2356 1796 1075 935 186 
11691 5600 2356 1796 1075 935 186 
11691 5600 2356 1796 1075 935 186 
11691 5600 2356 1796 1075 935 186 
11691 5600 2356 1796 1075 935 186 
11691 5600 2356 1796 1075 935 186 
11691 5600 2356 1796 1075 935 186 
11691 5600 2356 1796 1075 935 186 
12013 1998 1334 793 337 
6110 4174 3964 1333 742 
12013 1998 1334 793 337 
6110 4174 3964 1333 742 
12013 1998 1334 793 337 
6110 4174 3964 1333 742 
12013 1998 1334 793 337 
6110 4174 3964 1333 742 
12013 1998 1334 793 337 
6110 4174 3964 1333 742 
12013 1998 1334 793 337 
6110 4174 3964 1333 742 
12013 1998 1334 793 337 
6110 4174 3964 1333 742 
12013 1998 1334 793 337 
6110 4174 3964 1333 742 
12013 1998 1334 793 337 
6110 4174 3964 1333 742 
12013 1998 1334 793 337 
6110 4174 3964 1333 742 
7307 5741 2881 2197 514 
11513 3467 2329 1080 273 
7307 5741 2881 2197 514 
11513 3467 2329 1080 273 
7307 5741 2881 2197 514 
11513 3467 2329 1080 273 
7307 5741 2881 2197 514 
11513 3467 2329 1080 273 
7307 5741 2881 2197 514 
11513 3467 2329 1080 273 
7307 5741 2881 2197 514 
11513 3467 2329 1080 273 
7307 5741 2881 2197 514 
11513 3467 2329 1080 273 
7307 5741 2881 2197 514 
11513 3467 2329 1080 273 
7307 5741 2881 2197 514 
11513 3467 2329 1080 273 
7307 5741 2881 2197 514 
11513 3467 2329 1080 273 
11893 5962 4739 2967 2209 1622 997 201 150 
11893 5962 4739 2967 2209 1622 997 201 150 
11893 5962 4739 2967 2209 1622 997 201 150 
11893 5962 4739 2967 2209 1622 997 201 150 
11893 5962 4739 2967 2209 1622 997 201 150 
11893 5962 4739 2967 2209 1622 997 201 150 
11893 5962 4739 2967 2209 1622 997 201 150 
11893 5962 4739 2967 2209 1622 997 201 150 
11893 5962 4739 2967 2209 1622 997 201 150 
11893 5962 4739 2967 2209 1622 997 201 150 
8798 6817 3065 1238 203 
17692 1794 555 
8798 6817 3065 1238 203 
17692 1794 555 
8798 6817 3065 1238 203 
17692 1794 555 
8798 6817 3065 1238 203 
17692 1794 555 
8798 6817 3065 1238 203 
17692 1794 555 
8798 6817 3065 1238 203 
17692 1794 555 
8798 6817 3065 1238 203 
17692 1794 555 
8798 6817 3065 1238 203 
17692 1794 555 
8798 6817 3065 1238 203 
17692 1794 555 
8798 6817 3065 1238 203 
17692 1794 555 
10730 5336 4147 2843 2179 1916 608 373 198 180 
10730 5336 4147 2843 2179 1916 608 373 198 180 
10730 5336 4147 2843 2179 1916 608 373 198 180 
10730 5336 4147 2843 2179 1916 608 373 198 180 
10730 5336 4147 2843 2179 1916 608 373 198 180 
10730 5336 4147 2843 2179 1916 608 373 198 180 
10730 5336 4147 2843 2179 1916 608 373 198 180 
10730 5336 4147 2843 2179 1916 608 373 198 180 
10730 5336 4147 2843 2179 1916 608 373 198 180 
10730 5336 4147 2843 2179 1916 608 373 198 180 
10443 2584 2108 1674 942 274 243 137 
10443 2584 2108 1674 942 274 243 137 
10443 2584 2108 1674 942 274 243 137 
10443 2584 2108 1674 942 274 243 137 
10443 2584 2108 1674 942 274 243 137 
10443 2584 2108 1674 942 274 243 137 
10443 2584 2108 1674 942 274 243 137 
10443 2584 2108 1674 942 274 243 137 
10443 2584 2108 1674 942 274 243 137 
10443 2584 2108 1674 942 274 243 137 
13531 2090 1678 1390 478 362 218 191 180 173 
13531 2090 1678 1390 478 362 218 191 180 173 
13531 2090 1678 1390 478 362 218 191 180 173 
13531 2090 1678 1390 478 362 218 191 180 173 
13531 2090 1678 1390 478 362 218 191 180 173 
13531 2090 1678 1390 478 362 218 191 180 173 
13531 2090 1678 1390 478 362 218 191 180 173 
13531 2090 1678 1390 478 362 218 191 180 173 
13531 2090 1678 1390 478 362 218 191 180 173 
13531 2090 1678 1390 478 362 218 191 180 173 
9178 4253 2913 1306 
12340 3411 1613 203 
9178 4253 2913 1306 
12340 3411 1613 203 
9178 4253 2913 1306 
12340 3411 1613 203 
9178 4253 2913 1306 
12340 3411 1613 203 
9178 4253 2913 1306 
12340 3411 1613 203 
9178 4253 2913 1306 
12340 3411 1613 203 
9178 4253 2913 1306 
12340 3411 1613 203 
9178 4253 2913 1306 
12340 3411 1613 203 
9178 4253 2913 1306 
12340 3411 1613 203 
9178 4253 2913 1306 
12340 3411 1613 203 
15504 6103 4402 2756 1919 1411 628 190 
15504 6103 4402 2756 1919 1411 628 190 
15504 6103 4402 2756 1919 1411 628 190 
15504 6103 4402 2756 1919 1411 628 190 
15504 6103 4402 2756 1919 1411 628 190 
15504 6103 4402 2756 1919 1411 628 190 
15504 6103 4402 2756 1919 1411 628 190 
15504 6103 4402 2756 1919 1411 628 190 
15504 6103 4402 2756 1919 1411 628 190 
15504 6103 4402 2756 1919 1411 628 190 
21312 2216 1177 457 
18252 4603 1866 430 
21312 2216 1177 457 
18252 4603 1866 430 
21312 2216 1177 457 
18252 4603 1866 430 
21312 2216 1177 457 
18252 4603 1866 430 
21312 2216 1177 457 
18252 4603 1866 430 
21312 2216 1177 457 
18252 4603 1866 430 
21312 2216 1177 457 
18252 4603 1866 430 
21312 2216 1177 457 
18252 4603 1866 430 
21312 2216 1177 457 
18252 4603 1866 430 
21312 2216 1177 457 
18252 4603 1866 430 
16256 4186 2495 1831 811 693 286 184 84 
16256 4186 2495 1831 811 693 286 184 84 
16256 4186 2495 1831 811 693 286 184 84 
16256 4186 2495 1831 811 693 286 184 84 
16256 4186 2495 1831 811 693 286 184 84 
16256 4186 2495 1831 811 693 286 184 84 
16256 4186 2495 1831 811 693 286 184 84 
16256 4186 2495 1831 811 693 286 184 84 
16256 4186 2495 1831 811 693 286 184 84 
16256 4186 2495 1831 811 693 286 184 84 
11587 2676 1234 679 
10977 3031 1621 326 174 
11587 2676 1234 679 
10977 3031 1621 326 174 
11587 2676 1234 679 
10977 3031 1621 326 174 
11587 2676 1234 679 
10977 3031 1621 326 174 
11587 2676 1234 679 
10977 3031 1621 326 174 
11587 2676 1234 679 
10977 3031 1621 326 174 
11587 2676 1234 679 
10977 3031 1621 326 174 
11587 2676 1234 679 
10977 3031 1621 326 174 
11587 2676 1234 679 
10977 3031 1621 326 174 
11587 2676 1234 679 
10977 3031 1621 326 174 
11461 3168 2299 1216 182 
9514 4320 2847 1287 208 181 
11461 3168 2299 1216 182 
9514 4320 2847 1287 208 181 
11461 3168 2299 1216 182 
9514 4320 2847 1287 208 181 
11461 3168 2299 1216 182 
9514 4320 2847 1287 208 181 
11461 3168 2299 1216 182 
9514 4320 2847 1287 208 181 
11461 3168 2299 1216 182 
9514 4320 2847 1287 208 181 
11461 3168 2299 1216 182 
9514 4320 2847 1287 208 181 
11461 3168 2299 1216 182 
9514 4320 2847 1287 208 181 
11461 3168 2299 1216 182 
9514 4320 2847 1287 208 181 
11461 3168 2299 1216 182 
9514 4320 2847 1287 208 181 
7577 5031 3306 2341 274 
7508 5056 3451 1877 473 184 
7577 5031 3306 2341 274 
7508 5056 3451 1877 473 184 
7577 5031 3306 2341 274 
7508 5056 3451 1877 473 184 
7577 5031 3306 2341 274 
7508 5056 3451 1877 473 184 
7577 5031 3306 2341 274 
7508 5056 3451 1877 473 184 
7577 5031 3306 2341 274 
7508 5056 3451 1877 473 184 
7577 5031 3306 2341 274 
7508 5056 3451 1877 473 184 
7577 5031 3306 2341 274 
7508 5056 3451 1877 473 184 
7577 5031 3306 2341 274 
7508 5056 3451 1877 473 184 
7577 5031 3306 2341 274 
7508 5056 3451 1877 473 184 
14073 4477 2010 1946 970 893 278 201 188 
14073 4477 2010 1946 970 893 278 201 188 
14073 4477 2010 1946 970 893 278 201 188 
14073 4477 2010 1946 970 893 278 201 188 
14073 4477 2010 1946 970 893 278 201 188 
14073 4477 2010 1946 970 893 278 201 188 
14073 4477 2010 1946 970 893 278 201 188 
14073 4477 2010 1946 970 893 278 201 188 
14073 4477 2010 1946 970 893 278 201 188 
14073 4477 2010 1946 970 893 278 201 188 
17879 2775 2076 1420 786 257 185 
17879 2775 2076 1420 786 257 185 
17879 2775 2076 1420 786 257 185 
17879 2775 2076 1420 786 257 185 
17879 2775 2076 1420 786 257 185 
17879 2775 2076 1420 786 257 185 
17879 2775 2076 1420 786 257 185 
17879 2775 2076 1420 786 257 185 
17879 2775 2076 1420 786 257 185 
17879 2775 2076 1420 786 257 185 
10267 1660 1305 886 436 140 
5520 3391 2590 1488 907 515 165 73 
10267 1660 1305 886 436 140 
5520 3391 2590 1488 907 515 165 73 
